Line;Peak_1;Peak_2;Peak_3;Peak_4;Peak_5;Peak_6;Peak_7;Peak_8;Peak_9;Peak_10;Peak_11;Peak_12;Peak_13;Peak_14;Peak_15;Peak_16;Peak_17;Peak_18;Peak_19;Peak_20;Peak_21;Peak_22;Peak_23;Peak_24;Peak_25;Peak_26;Peak_27;Peak_28
1;0.0068275;0.0265175;0.0020583;0.0194388;0.0017576;0.0135311;0.0013603;0.0081697;0.0563188;0;0.021373;0;0;0.0032034;0.0138588;0;0.002965;0.0010669;0.5022069;0.0053422;0.0011932;0;0.0984388;0.0196361;0.0366645;0.0892508;0.0109374;0.0151091
1;0.0016217;0.0120112;0.0007182;0.0040318;0.0267475;0.2832383;0.0027283;0.0078724;0.0164942;0.0275485;0.0053771;0.0049147;0.0157468;0.0017988;0.0044101;0.0028143;0.3065004;0.0089881;0.1338725;0.002399;0.0026262;0.0123832;0.0030052;0.0085411;0.0041134;0.0301987;0.0675505;0.0017475
1;0.0009339;0.007077;0.0009929;0.0016678;0.0044476;0.5409214;0.0004808;0.0032861;0.0076806;0.0050522;0.0040603;0.0255564;0.0181996;0.0001825;0.0032971;0.0123216;0.1177387;0.0026924;0.1131891;0.0123515;0.0274159;0.0068903;0.0022953;0.0059857;0.0047457;0.0209853;0.0351788;0.002289
1;0.0033299;0.0112752;0.0044927;0.0035638;0.0037551;0.5685132;0.0010946;0.0037414;0.0115241;0.0063566;0.0082407;0.0265253;0.0099598;0.0005429;0.0059354;0.0148302;0.0664044;0.0016134;0.1093204;0.007829;0.0240514;0.0016322;0.0021365;0.0100147;0.0061263;0.0257361;0.0413367;0.0026724
1;0.0071457;0.0535464;0.0031159;0.0215373;0.0104797;0.0940064;0.0036386;0.0148866;0.0484395;0.0517797;0.0272543;0.0036022;0.000866;0.0019251;0.0312784;0.002758;0;0.0024519;0.3418926;0.0031395;0.0020648;0;0.0109874;0.0266515;0.0120752;0.0747604;0.0946976;0.0052802
1;0.0027239;0.0029227;0.003077;0.0021408;0.00717;0.4487325;0.0006344;0.0043404;0.0026825;0.0057035;0;0.0319948;0.0189672;0.000609;0.0012049;0.0123137;0.1381363;0.0034351;0.0321028;0.0087942;0.0169304;0.0082942;0.0023125;0.0096475;0.0043878;0.0198041;0.1961469;0.001611
1;0.0038917;0.0121074;0.0087598;0.0060201;0.0070816;0.6810409;0.0019437;0.0049399;0.0211154;0;0.012791;0.03306;0.0150859;0.0009386;0.0110623;0.0173114;0.0035242;0;0.0102522;0;0.0302455;0.0028951;0;0.012098;0.0110329;0.0266631;0.0407488;0.0006255
1;0.012921;0.0252814;0.003341;0.0211975;0.0023356;0.0171518;0.0033743;0.0088272;0.0738227;0;0.0621173;0;0;0.0037135;0.0196411;0;0.0134611;0.509914;0;0.0054196;0.0017714;0;0.0761308;0.0155182;0.0282337;0.0139309;0.0281658;0.010847
1;0.0058899;0.0344072;0.0016158;0;0.0053139;0.0485894;0.0020408;0.0103065;0.0778303;0;0.0201523;0.0006659;0.0012455;0.0030562;0.0163654;0;0.004495;0.550938;0;0.0041162;0.0010738;0;0.0131778;0.0239888;0.0131765;0.0825827;0.0160783;0.0053522
1;0.0054937;0.0341654;0.0027724;0.0199952;0.0068916;0.0373005;0.0019972;0.0214898;0.0655517;0.0126318;0.0124757;0.0005308;0.000434;0.0035012;0.0123282;0;0.0040844;0.0012796;0.5224009;0.0048045;0.001524;0;0.0072191;0.0308077;0.0140673;0.0902965;0.0162744;0.0065934
1;0.0056609;0.0382251;0.0026345;0.0198672;0.0126227;0.3058042;0.0027301;0.0219596;0.0397357;0.0269351;0.0138333;0.0050807;0.0019146;0.0019254;0.0519398;0.003825;0;0.0023832;0.2370292;0.0029919;0.0016993;0.0016822;0.0067621;0.0216968;0.0120544;0.0670697;0.040431;0.0048358
1;0.006806;0.0186607;0.0217718;0.0109488;0.0027118;0.5035773;0.0017457;0.0054495;0.0216055;0.0068428;0;0.0393603;0.0060636;0.0011804;0.0228264;0.0134259;0;0.0014215;0.1633777;0.008435;0.0218976;0;0;0;0.0112489;0.0372501;0.0230584;0.0062898
1;0.0018313;0.0192692;0.000627;0.0070922;0.0250007;0.3664361;0.0017813;0.0163506;0.021778;0.027839;0;0.0048174;0.0100448;0.0010394;0.01328;0.0032696;0.1694421;0.0078003;0.1499066;0.0020824;0.0028043;0.0067283;0;0.0102711;0.0066129;0.030742;0.0615275;0.0024689
1;0.0019414;0.0181923;0.0009762;0.0073044;0.0153779;0.5099822;0.0011448;0.0169987;0.0222571;0.0170797;0;0.0066404;0.0045172;0.0007977;0.0083354;0.0045324;0.0735099;0.004907;0.1405811;0.0021329;0.0045142;0.001449;0.0019374;0.0104659;0.0071538;0.0293949;0.0519749;0.0027159
1;0.0072601;0.0326389;0.0018977;0.0542522;0.0028994;0.1188903;0;0.0168988;0.0493529;0;0.0173985;0.0022952;0;0.0016207;0.0111093;0.0012244;0.0049349;0;0.3810657;0.0027106;0.0013941;0.0045674;0.0074263;0.023546;0.0167659;0.0604987;0.1321796;0.0075786
1;0.0151964;0.0153237;0.0093301;0.0239072;0.0024609;0.089179;0.0022443;0.0087754;0.0668734;0.0143858;0.0120606;0.006234;0;0.0036137;0.0067512;0.0014496;0.0060065;0.0008261;0.4687381;0.0057056;0.0019291;0.0017774;0.0110988;0.0274486;0.0248949;0.0738396;0.0206615;0.0116696
1;0.0152526;0.0179534;0.0069024;0.0163644;0.0046462;0.0215767;0.0014726;0.0318647;0.0391474;0.0240457;0.0300887;0.1063135;0;0.0038257;0.0081317;0.0008718;0.0113043;0.0010721;0.3726935;0.0060748;0.0018234;0.0058051;0.0131791;0.0292669;0.034061;0.0427662;0.1446812;0.008815
1;0.0065223;0.0093543;0.0331622;0.0031579;0.0029861;0.4908011;0.0010778;0.0026862;0.012886;0.0035773;0.0061555;0.0323754;0.0128959;0.0006703;0.0045863;0.0154509;0.0610373;0.0019271;0.1478469;0.0116322;0.0350861;0.0031095;0.0017572;0.0116671;0.0052053;0.0232448;0.0406522;0.0025049
2;0.0040157;0.0040972;0.0002838;0.0022622;0.0838478;0.1532909;0.0220283;0.0075777;0.0058816;0.0479963;0.0017389;0.0373462;0.0247717;0.0009733;0.0013905;0.22605;0.0244812;0.0465058;0.0036206;0.0534329;0.0022565;0.0470262;0.0026;0.005136;0.0052612;0.0039405;0.1805008;0.0016865
2;0.0076321;0.0095607;0.0014858;0.007715;0.0630437;0.0225033;0.011024;0.0178981;0.0208043;0.0401037;0.0120039;0.0007136;0.0117724;0.006463;0.0017723;0.2372023;0.0168105;0.2076582;0;0.0035554;0.0011206;0.0256887;0.0035613;0.012407;0.0196306;0.0054701;0.204302;0.0050418
2;0.0084036;0.0225599;0.0026243;0.0262051;0.007323;0.016208;0.0054195;0.0058178;0.0893247;0;0.0228376;0.0779746;0;0.0107003;0.0007852;0.0035151;0.0011426;0.5938852;0.0014717;0.0042969;0.0009564;0.0006266;0.0062798;0.0207234;0.0164137;0.0153368;0.0331169;0.0060514
2;0.008241;0.0102239;0.0015636;0.0121388;0.0654082;0.1214653;0.0188166;0.0130012;0.0237922;0.0320108;0.0378708;0.0028385;0.0085528;0.0082512;0.0055399;0.0028875;0.1849242;0.019379;0.1700328;0.0017557;0.001535;0.0083187;0.0045706;0.0152881;0.0143626;0.0084313;0.1861451;0.0044646
2;0.0037052;0.0069067;0.0009695;0.0015183;0.0613985;0.2035557;0.0005012;0.0050569;0.0034403;0.0226455;0.0030366;0.0010415;0.0300102;0.0007882;0.001539;0.001548;0.4399166;0.0114876;0.0463317;0.0028559;0.0021168;0.0423901;0;0.0093784;0.0073256;0.0129932;0.0682572;0.0018595
2;0.0101284;0.0074277;0.001481;0.0220234;0.0011386;0.005809;0.0022032;0.0022631;0.0736039;0;0.0380277;0.0558384;0;0;0.0055396;0;0.0005358;0.0021008;0.6798009;0.0036196;0.0020274;0;0.0147123;0.0212858;0.022147;0.0132362;0.0049126;0.0101375
2;0.0092505;0.0076737;0.0020979;0.0201679;0.0013007;0.0059694;0.0028874;0.0021978;0.0281506;0.0492307;0.0392288;0.0036955;0.0651073;0;0.0054312;0.0000602;0.0006723;0.0022273;0.6439755;0.0025643;0.0017377;0;0.0201463;0.0213284;0.0222964;0.0130458;0.0055384;0.0102149
2;0.0182546;0.0160915;0.0045537;0.0209612;0.0266656;0.0414715;0.0089865;0;0.0365207;0.044547;0.0356382;0.0759747;0.0040618;0.0014217;0.0078206;0.0021247;0.068839;0.0067917;0.3643353;0.0026752;0.0016147;0.0049854;0.0241728;0.0236736;0.028949;0.0167255;0.1027798;0.0093641
2;0.0176039;0.0056408;0.0028363;0.0204111;0.0008188;0.0060625;0;0;0.0705819;0;0;0;0;0.0017656;0.0014133;0;0.0020816;0;0.7252223;0;0;0.0026652;0.0181883;0.0198916;0.025708;0.0107357;0.0066738;0.0092927
2;0.0016271;0.0037009;0.0027315;0.0008456;0.0081544;0.2783228;0.0020431;0.0012798;0.0025809;0.0055535;0;0.0582718;0.0410486;0.0016401;0.0013512;0.0217197;0.1927801;0.0080213;0.0326829;0.0428385;0.0833223;0.0569347;0.0046112;0.0046971;0.0051253;0.0026121;0.1256221;0.001676
2;0.0021112;0.0061991;0.0003764;0.0016148;0.1048628;0.2534883;0.0026249;0.0051969;0.0041163;0.0399721;0.0026868;0.0011499;0.0304757;0.0011118;0.0030546;0.0016154;0.3625143;0.0252468;0.0348007;0.0008177;0.0011598;0.0370868;0;0.0069713;0.0041027;0.0105748;0.0415065;0.002164
2;0.0019107;0.0053232;0.000692;0.0012517;0.0475018;0.3605846;0.0011234;0.0029807;0.0034746;0.015697;0.0030962;0.0047952;0.0404387;0.0008375;0.0020923;0.0030891;0.3088669;0.0148479;0.0419083;0.004785;0.0064469;0.0449471;0;0.0052186;0.0040627;0.0076129;0.0554165;0.0013166
2;0.0048552;0.0175414;0.0014665;0.0041768;0.0321391;0.1994928;0.0020686;0.0096309;0.0119474;0.0232687;0.0081877;0.0033083;0.0171799;0.0017064;0.0036902;0.0021806;0.324517;0.0123074;0.1267919;0.0066121;0.0034778;0.0272264;0.0026349;0.0115265;0.0117928;0.007095;0.1099416;0.0023647
2;0.00236;0.0054474;0.0005673;0.0020625;0.0677174;0.1661353;0.0217478;0;0.0047631;0.0200808;0.013097;0.0070197;0.0285523;0.014081;0.0024128;0.0026513;0.3313917;0.0367881;0.05059;0.0057617;0.0046932;0.0766553;0.0014886;0.0059717;0.0054896;0.0039984;0.1171721;0.0013037
2;0.002592;0.0067625;0.0012076;0.0034398;0.0302794;0.3177483;0.0071075;0.0053342;0.0096492;0.0148147;0;0.0147126;0.0290578;0.0038197;0.0040224;0.0047132;0.2204015;0.0159021;0.1029752;0.0119837;0.0112436;0.0254255;0.0013521;0.0064124;0.0107153;0.0039982;0.1104931;0.0018361
2;0.0042588;0.0097956;0.0008852;0.0056413;0.0300199;0.1710969;0.0150625;0.0070074;0.0104605;0.016315;0.0090581;0.0107171;0.0292706;0.0052643;0.0048809;0.0025702;0.2524521;0.017947;0.0944755;0.0049174;0.0056723;0.0390123;0.0074392;0.0087876;0.011154;0.0056197;0.2018378;0.0023537
3;0.0065423;0.0340334;0.0033059;0.0177812;0.0410728;0.0121691;0.0016516;0.0431374;0.0602893;0.0064392;0.0329192;0.0005688;0.0003069;0.0020589;0.0104739;0.0012374;0.0118052;0.0024479;0.5288393;0.0036549;0.0017071;0.0020653;0.003729;0.023981;0.0150994;0.0524556;0.0298903;0.0071563
3;0.0084844;0.0436407;0.0032382;0.0264142;0.0138171;0.0131544;0.002126;0.0463748;0.0580833;0.0147139;0.0302978;0;0;0.0012897;0.0121008;0;0.0136846;0.0024976;0.4678371;0.0029117;0;0.0036046;0.0064204;0.0331875;0.0263193;0.0707864;0.048825;0.0093153
3;0.0039221;0.0098276;0.0005401;0.0168337;0.0029748;0.0127905;0.0012597;0.0251178;0.0599615;0;0.0175342;0;0;0.001112;0.0025451;0;0.005834;0;0.6101003;0.0032307;0.0017258;0.0028949;0.0179107;0.0255534;0.015249;0.0765792;0.0516041;0.0104479
3;0.0059066;0.0227451;0.00155;0.007983;0.0418082;0.1727712;0.0037239;0.029307;0.009822;0.0372634;0;0.0019962;0.0148796;0.0018317;0.016641;0.0035991;0.4256135;0.0096284;0.0661621;0.0025991;0;0.0147223;0.0030648;0.0099215;0.0057181;0.0106285;0.0365077;0.0017438
3;0.0068749;0.0556556;0.0021318;0.0094428;0.0674426;0.0574894;0.0019878;0.0369461;0.017059;0.0047366;0.0061122;0.0014329;0.0034806;0.0025754;0.0165271;0.0026942;0.1590534;0.0223698;0.1308019;0;0.0023023;0.0242669;0;0.0482168;0.0160209;0.0463908;0.2200045;0.0066032
3;0.0066604;0.0027561;0.015735;0.0033012;0.0075371;0.2671309;0.000973;0.0023231;0.038709;0.0059408;0;0.019303;0.0030108;0.0011793;0.0016137;0.0068119;0.0208451;0.0045517;0.4656658;0.0172878;0.0243338;0.0012565;0.0044103;0.0059221;0.0085746;0.005626;0.0403833;0.0043671
3;0.0077858;0.0662803;0.0018711;0.0153019;0.1008568;0.0118609;0.0081912;0.0679109;0.0167408;0.104603;0;0;0.0050122;0.0021911;0.0197863;0.0040277;0.2817237;0.0322732;0.1160269;0.0020615;0;0.0101939;0;0.0263029;0.0104676;0.0370419;0.04055;0.003686
3;0.0089126;0.0563116;0.0039361;0.0129499;0.0810744;0.0410366;0.0015738;0.085967;0.024267;0.0293154;0.0108404;0;0.0049065;0.0012136;0.0107196;0.0037067;0.2164648;0.0108858;0.1710274;0;0;0.0145795;0;0.0349526;0.0159377;0.038162;0.0848045;0.0048698
3;0.010005;0.0685393;0.0035021;0.0177466;0.0309115;0.0081895;0.002598;0.02392;0.0679837;0.0212278;0.0337919;0;0;0;0.0169178;0;0.0137909;0.0059668;0.4843596;0;0;0;0;0.0437754;0.0273517;0.0381354;0.0244395;0.0097492
3;0.0095049;0.0647356;0.0023287;0.0161789;0.0133333;0.0051327;0.0010612;0.048095;0.0429649;0.0381996;0.0211693;0;0.0015825;0;0.0252369;0.0021502;0.1004786;0.0066514;0.3007786;0;0;0.0104084;0;0.0439056;0.0243263;0.0342664;0.1365049;0.0096217
3;0.0065304;0.0365642;0.0019742;0.0107157;0.0553083;0.0457828;0.0017558;0.0409861;0.0220919;0.0363892;0.0113902;0;0.0087737;0;0.0113091;0.0029369;0.337427;0.0111189;0.1765235;0;0;0.0225764;0;0.0292573;0.0148522;0.0176009;0.0682561;0.0043089
3;0.0154827;0.050744;0.0031035;0.0197812;0.025534;0.0116598;0.0024018;0.0477719;0.0472946;0.0616911;0.0675567;0;0.0016668;0.0025928;0.0212436;0.0012555;0.0829231;0.0056731;0.3121656;0.0040161;0;0.0053605;0.0043579;0.0323519;0.0251949;0.0476402;0.0657675;0.0099404
3;0.0117804;0.0440401;0.001905;0.0132742;0.0187035;0.0063438;0.0031684;0.0364727;0.0348748;0.0468451;0.0168303;0.0083349;0;0;0.0135183;0.0014525;0.2593555;0.0076953;0.2269531;0;0;0.0307194;0.0032383;0.0296549;0.0282564;0.0375848;0.0764991;0.0102657
3;0.0217329;0.0588522;0.0079253;0.0230774;0.025099;0.0475486;0.0045352;0.1080908;0.0287153;0.0234786;0;0.0008637;0.0024654;0.0066191;0.0248417;0.0037274;0.0482818;0.0040812;0.1818488;0.0084223;0;0;0;0.0297758;0.0175328;0.0997232;0.0943288;0.0065977
4;0.0028095;0.0083238;0.0006676;0.0037401;0.0859305;0.1038623;0.0077704;0.0130166;0.014266;0.0192462;0;0.0020622;0.0128658;0.0055429;0.0019942;0.0035537;0.1940041;0.0483209;0.1841902;0.0084659;0.0031117;0.0256729;0.0108646;0.0095496;0.0066129;0.0370916;0.1683169;0.0022898
4;0.001787;0.0097322;0.0009246;0.0022505;0.061158;0.0814627;0.0134088;0.0044067;0.0044049;0.007915;0.0033414;0.002234;0.0215877;0.0055338;0.0022067;0.0020132;0.1866085;0.0226952;0.0638973;0.0154168;0.0034582;0.1056371;0.0075847;0.0064364;0.0050592;0.0215217;0.3272974;0.0015131
4;0.0024071;0.0007343;0;0.0007937;0.0334066;0.18501;0.0043447;0.003982;0.0038716;0.0176421;0;0.0037734;0.045279;0.007402;0.0058206;0.0029721;0.3084754;0.0457079;0.0567872;0.0140377;0.0095173;0.0880436;0.0051948;0.002889;0;0.0187744;0.1290561;0.0008233
4;0.0020187;0.0067871;0;0.0015074;0.0722068;0.1685199;0.009216;0.0054089;0.0048667;0.0090602;0.0043725;0.0018308;0.0250001;0.0017657;0.0017233;0.0023726;0.3335644;0.0372872;0.081483;0.0040562;0.0032427;0.0509296;0.0048057;0.0079157;0.0067436;0.0246624;0.1203261;0.0026459
4;0.0022607;0.0070807;0.0006133;0.0026742;0.0619217;0.166001;0.0017336;0.0035107;0.0104672;0.0114101;0.0064211;0.0023464;0.019234;0.0021628;0.0019964;0.0035164;0.340704;0.0300388;0.148499;0.0056512;0.0065812;0.0481883;0.0014323;0.0100082;0.0088605;0.0166959;0.0703105;0.0030068
4;0.0009092;0.0068196;0.0003787;0.0009279;0.0459328;0.2272797;0.0013716;0.0016457;0.0005158;0.009804;0;0.0050893;0.0283772;0.0031756;0.001081;0.0047938;0.2459004;0.0225213;0.0084794;0.020831;0.0135953;0.157545;0.0006954;0.0061751;0.0024472;0.010419;0.1667696;0.0007597
4;0.0027583;0.0095023;0.0006888;0.00258;0.084983;0.1561852;0.0035487;0.006587;0.0088724;0.0171787;0.0074859;0.0033892;0.0250822;0.0044113;0.0015845;0.0024589;0.2542786;0.0362387;0.120455;0.0198228;0.0055775;0.0285011;0.0037695;0.0107705;0.0054958;0.0294389;0.137073;0.0016332
4;0.0007082;0.0033871;0.00085;0.0002776;0.0390956;0.2428734;0.0060577;0.0010315;0.0002699;0.0070417;0;0.0039364;0.0337096;0.0026085;0.0007974;0.0022625;0.2073693;0.0156383;0.0231914;0;0.0107903;0.2049462;0.0005829;0.0030434;0.0012528;0.0087998;0.1759096;0.0004659
4;0.0007294;0.0021774;0.0208182;0.0001459;0.0260674;0.270144;0;0.0015815;0.0000659;0.0014864;0;0.0041663;0.0255426;0.0009477;0.0007851;0.0031457;0.1018377;0.0058973;0.0010027;0.0578011;0.0210214;0.3038418;0.0060117;0.0025165;0.0030572;0.0038458;0.1307958;0.000341
4;0.0102653;0.0238111;0.0019592;0.0130724;0.0276002;0.0490338;0.0019475;0.0331185;0.0435287;0.0141461;0.0224827;0;0.0020514;0;0.0053138;0.0010989;0.0743009;0.0039697;0.3762118;0;0;0.005918;0;0.0245604;0.0290886;0.0340181;0.1920127;0.0104902
4;0.0034795;0.0134753;0.000761;0.0012156;0.0369676;0.0116025;0.0101061;0.0029063;0.0008138;0.0173118;0;0.0011948;0.019387;0.0079052;0.0020224;0.0013303;0.3032795;0.0202196;0.0084855;0.0015122;0.0012406;0.1507315;0.0029554;0.0070105;0.0036818;0.0033519;0.3606875;0.0013405
4;0.0024511;0.0081743;0.0010191;0.0043576;0.0744552;0.2902684;0.0091273;0.0108484;0.0149929;0.0253713;0.0027484;0.0057366;0.0079196;0.003157;0.0033458;0.0044056;0.2019004;0.0330896;0.1147735;0.0060032;0.0055164;0.0068084;0.0021595;0.0121358;0.007206;0.0280824;0.099088;0.0024456
4;0.0020891;0.0061055;0.0037541;0.0002835;0.0217307;0.2539557;0.000619;0.0011479;0.0001432;0.0070968;0;0.0082081;0.0340716;0.0006814;0.0008099;0.004917;0.2771755;0.0084049;0.0024098;0.0326581;0.0203631;0.099792;0;0.0060033;0.0009583;0.0103656;0.1922272;0.0004198
4;0.0019521;0.0090487;0.000974;0.0014536;0.087997;0.2767873;0.0041471;0.0062444;0.0050812;0.0079928;0.0029536;0.0039661;0.0122963;0.0028516;0.0023668;0.0045031;0.2564832;0.0590379;0.0479172;0.0024345;0.0100949;0.0181916;0;0.0090625;0.0042302;0.016987;0.1354556;0.0014839
4;0.0053814;0.033201;0.0022028;0.0143131;0.131756;0.0678368;0.0142081;0.0338488;0.0345904;0.0904703;0;0;0;0.004449;0.0257764;0.0021114;0.1206742;0.0325186;0.1944358;0.0033544;0;0.0031652;0.0051873;0;0.010734;0.0641603;0.0332452;0.0047787
5;0.0068143;0.009276;0.0011479;0.0133338;0.0092485;0.0570499;0.0014743;0.0010489;0.0126281;0.030676;0;0.0366947;0.0012471;0.014683;0.001659;0.0127219;0.1940647;0.0018322;0.2600781;0.0046484;0.0015401;0.0305088;0.0838847;0.0093567;0.0228569;0.0544142;0.0697129;0.0083665
5;0.0132917;0.0135326;0.0040099;0.0194524;0.0068482;0.0120165;0.0014189;0.0077939;0.0570081;0;0.0146152;0;0;0.0010951;0.005087;0;0.0106141;0;0.5792285;0.003952;0.0015766;0.0013115;0.0162937;0.0248879;0.0290531;0.1096144;0.023206;0.0144801
5;0.0054472;0.0174041;0.0009332;0.0169303;0.0014468;0.0057425;0;0.0076936;0.0563094;0;0.0329662;0;0;0;0.0189673;0;0.0013935;0;0.6465001;0;0.0020529;0;0.0472618;0.016687;0.0312684;0.0509458;0.0056441;0.0150236
5;0.0081883;0.0202515;0.0020618;0.0144375;0;0.0028415;0;0.0067789;0.0595965;0;0.0339188;0;0;0;0.011756;0;0;0;0.6617233;0;0;0.0017584;0.0268823;0.0222974;0.0289124;0.0644485;0.0019319;0.0151788
5;0.0045022;0.0158762;0.0009603;0.0074304;0.0057058;0.1142066;0;0.0066385;0.0180945;0.0269734;0.0176235;0.0013883;0.011274;0;0.0061241;0.0011294;0.182808;0.0028799;0.2458178;0;0.001798;0;0.0454717;0.0192313;0.0378609;0.0275603;0.1717432;0.0147541
5;0.0100105;0.0127439;0.0204651;0.0130548;0.0013842;0.0040065;0.0037534;0.0061453;0.0641169;0;0.0277986;0.0009406;0;0.0013506;0.0099218;0;0;0;0.6764232;0;0;0.0019922;0.0441837;0.0195737;0.0287205;0.0361668;0.0035293;0.0137186
5;0.0033667;0.0114323;0.0005818;0.0108872;0.0209433;0.0601857;0;0.023324;0.0411772;0.0375638;0.0111496;0.0160226;0.000844;0.0085548;0.0052318;0.0010955;0.1142859;0.0032113;0.4152606;0.0025716;0.0018255;0.009116;0.0684363;0.0144379;0.0244568;0.0373201;0.0440115;0.0127062
5;0.0052515;0.01309;0.000995;0.0164928;0.0083767;0.0178253;0.0014197;0.0125653;0.0352407;0.0215924;0.0195925;0.0003508;0.0034058;0.0014575;0.0044589;0.0004975;0.0634065;0.0017981;0.3619973;0.0034794;0.0016284;0.0084381;0.1110294;0.0180749;0.0284175;0.044537;0.1543574;0.010803
5;0.0020631;0.0072014;0.0005643;0.0038229;0.0008187;0.0096613;0.2976356;0.0014885;0.0052014;0.0143534;0;0.0057288;0.0047717;0.02549;0.0029486;0.0022951;0.2172778;0.0033837;0.155447;0.0063392;0.0031784;0.0201418;0.051101;0.0067528;0.0195276;0.0287528;0.0713595;0.0056917
5;0.0049738;0.0212952;0.0012139;0.0152553;0.010719;0.0226437;0.0009092;0.0179556;0.0331233;0.0236564;0.020117;0.0020533;0;0;0.0870483;0.0009079;0.038182;0.0018018;0.2990452;0;0;0.002667;0.195465;0.0306829;0.0516341;0.0400928;0.0406928;0.0180732
5;0.0053945;0.0126155;0.0018016;0.0121563;0.0156581;0.0903855;0.0014586;0.0238454;0.0316251;0.0457224;0.0105077;0.0017399;0.0136618;0;0.0033769;0.0016915;0.2168638;0.0054402;0.3051442;0.0052148;0.0023205;0.0100177;0.0054652;0.0178379;0.016266;0.027429;0.0888041;0.006826
5;0.0008115;0.002806;0.001688;0.0003654;0.0075721;0.1317823;0.0009229;0.000575;0.0001847;0.0038936;0;0.0047923;0.038104;0.0008758;0.0007729;0.0013629;0.176489;0.0034715;0.003038;0.0416081;0.0072512;0.3617148;0;0.0057386;0;0.0074789;0.1958601;0.0008401
5;0.0025909;0.0070936;0.0010297;0.0014578;0.0133288;0.1946394;0;0.0016089;0.0022496;0.0164306;0;0.0048774;0.0385253;0.00104;0.0019131;0.0028263;0.3176358;0.0071637;0.0416686;0.0212224;0.0092797;0.1405815;0.0137202;0.005978;0.0143116;0.0168893;0.1106354;0.0041267
5;0.002514;0.0052768;0.000562;0.001604;0.0244493;0.2358252;0.0065025;0.0019775;0.0024234;0.0267791;0.002793;0.0036081;0.031497;0.0006797;0.0023588;0.0027863;0.2639344;0.0102887;0.03227;0.0091404;0.005359;0.078805;0.0270005;0.0089789;0.0182448;0.0142642;0.1639055;0.0101465
6;0.0032606;0.0372047;0;0.0108052;0.1231964;0.0089011;0.0086139;0.0481893;0.0468119;0.0051457;0.0206853;0;0.0014056;0;0.007983;0.0019389;0.0410904;0.0221212;0.377281;0;0;0;0.0076656;0.0256918;0.0272336;0.0545851;0.0819675;0.0161538
6;0.0030314;0.0194593;0;0.0121684;0.1222899;0.0225973;0.0146355;0.0279994;0.0372205;0.0100362;0;0.0007106;0.0014206;0.0029488;0.0120029;0.0015034;0.0580204;0.0300876;0.269792;0.0030593;0.0012813;0.0045973;0.0059463;0.0141018;0.0086989;0.0489983;0.2184693;0.003706
6;0.0020586;0.0012209;0.0053147;0.0001704;0.0197468;0.3858838;0.0008999;0.0005462;0.0002649;0.0002206;0.000273;0.0088632;0.0274701;0.001334;0.0002855;0.0093934;0.1269693;0.0147123;0.0034708;0.05399;0.0785927;0.1174523;0.001334;0.0016742;0.0018387;0.0016786;0.1322633;0.0020778
6;0.0083414;0.0376913;0.0021915;0.0313557;0.0417937;0.012422;0.0048241;0.0427773;0.0423318;0.0078358;0.0263759;0;0.0055999;0.0411698;0.0619778;0.0027505;0.1936856;0.010024;0.2122327;0.0034955;0;0.012771;0.008462;0.0178367;0.0201978;0.0148091;0.1285335;0.0085139
6;0.0031276;0.0093667;0.0004955;0.0069663;0.1047645;0.0157972;0.0062632;0.0199215;0.0225901;0.0257415;0;0.0067127;0;0;0.0021848;0.0021603;0.3141153;0.0299566;0.2472366;0.0016888;0;0.0111631;0.0140364;0.0140084;0.0135353;0.0471552;0.0532918;0.0049947
6;0.0013974;0.0084932;0.0003282;0.0031613;0.1855083;0.065232;0.0141243;0.0102568;0.0103871;0.0213579;0;0.0014871;0.0147176;0.0033252;0.002967;0.0018365;0.3731603;0.0605742;0.1011996;0.0012538;0.0014098;0.01698;0.0014906;0.0046945;0.0047406;0.0138185;0.0526262;0.0016462
6;0.0020592;0.0292115;0;0.0074734;0.1131824;0.1066683;0.0068344;0.030718;0.0264335;0.0155488;0.0121384;0;0.0051039;0;0.0064365;0.0026402;0.2569513;0.0192147;0.2010516;0;0;0.0084553;0.0041378;0.0172653;0.0132627;0.044408;0.044975;0.0075728
6;0.0039221;0.0210275;0.0014041;0.0070332;0.0877729;0.1283431;0.0048146;0.0177799;0.0145156;0.0193691;0.0090916;0.0011377;0.010531;0.0011305;0.0099059;0.0030251;0.4137995;0.0207281;0.1046974;0.0017306;0.0016061;0.0102102;0.0032682;0.0121688;0.0101653;0.0098779;0.0551011;0.003486
6;0.0038087;0.0143923;0.0011288;0.0075574;0.1551052;0.0261243;0.0194682;0.0146925;0.0201757;0.0092575;0.0045721;0.0012055;0.0049113;0.0070023;0.0048716;0.0017686;0.2273954;0.0530847;0.1808321;0.0021988;0.0012;0.0151052;0.0136334;0.0132674;0.0078939;0.0356738;0.1279763;0.0026772
6;0.001111;0.0154482;0;0.00343;0.0944885;0.1967311;0.0074769;0.0102665;0.0064821;0.0165404;0.0031683;0.0023833;0.0175985;0.0027112;0.0079133;0.0030985;0.4069253;0.0339454;0.0492511;0.002509;0.0007755;0.0313382;0.0017101;0.0059203;0.0038397;0.0197075;0.0467348;0.0013906
6;0.0020499;0.0194292;0.0004063;0.0102591;0.0605411;0.0990411;0.0060608;0.0172283;0.0283044;0.0395026;0.0056746;0.0013958;0.0133692;0.0017177;0.0206664;0.0023186;0.2172778;0.0204589;0.1730958;0.0026445;0.0014295;0.0124633;0.0027573;0.0078179;0.0038433;0.0284954;0.1999484;0.0018031
6;0.0012176;0.013709;0;0.0046544;0.086388;0.2668845;0.0063823;0.0111276;0.0103668;0.0161478;0.0057044;0.0034184;0.0153755;0.0009432;0.0081314;0.002756;0.3183106;0.0349208;0.077586;0.0014401;0.0008397;0.0181321;0.0014219;0.0071552;0.0043514;0.0223759;0.0508717;0.0016711
6;0.0007696;0.0022238;0.0004047;0.0005208;0.0408791;0.3251142;0.0088333;0.0016618;0.0019925;0.00369;0.003904;0.0041223;0.0114426;0.0431478;0.0020388;0.0005222;0.0072224;0.2746213;0.0202548;0.033956;0.0154027;0.0291819;0.0595653;0.004086;0.0028637;0.0110575;0.0888749;0.0008523
6;0.0018232;0.0152014;0.0055184;0.1761471;0.0343958;0.0068852;0.0381802;0.024101;0.0257666;0.0501781;0.0322246;0.0004001;0.0072132;0.0024878;0.0087936;0.0026542;0.2230568;0.0213401;0.1778129;0.0029689;0.0014996;0.0067402;0.0041348;0.0116688;0.0071392;0.0410417;0.0624738;0.0024822
7;0.0066489;0.0320106;0.0016093;0.0265829;0.0025419;0.0793338;0.0027205;0;0.081016;0;0.0008599;0;0.0013523;0.0030812;0.0153135;0;0.0052296;0.0010021;0.6031122;0.0052894;0.0017734;0;0.0100033;0.0320004;0.0270738;0.0258403;0.001575;0.0114822
7;0.0110323;0.0385888;0.0038751;0.0262947;0.0018976;0.0243577;0.0018557;0.0066621;0.0674223;0;0.0377506;0;0;0.0014019;0.0401396;0;0.001807;0;0.6245308;0.0028747;0.0014016;0;0.0069295;0.026681;0.019218;0.0197362;0.002453;0.0094238
7;0.0084981;0.0364568;0.0122524;0.0178748;0.0007083;0.0107426;0;0;0.0780458;0;0.0287056;0;0;0;0.0180656;0;0.0015194;0;0.6342851;0;0;0;0.0040586;0.0320764;0.0213635;0.0516237;0.0011043;0.0173226
7;0.0101405;0.0587938;0.0035365;0.0326923;0.0008559;0.0129291;0.0024549;0.0084924;0.0710543;0;0;0;0;0.0037925;0.0287561;0;0.0021008;0.000658;0.5595472;0.0045389;0.0022999;0;0.0106615;0.0267807;0.0227911;0.0203964;0.00219;0.0097397
7;0.0023783;0.0244722;0;0.0148375;0.0027476;0.0251606;0.0018644;0.004776;0.0768358;0;0.048085;0;0;0.002717;0.0170248;0;0.0030491;0.0008463;0.6281708;0.0050624;0.0016949;0;0.0046221;0.0292901;0.0169849;0.0537762;0.003181;0.012287
7;0.0039149;0.0427328;0;0.0214673;0.0014524;0.0128306;0;0;0.0811253;0;0.0464871;0.0474583;0;0.0032074;0.0282346;0;0;0;0.5275437;0;0;0;0.0077217;0.037512;0.0183448;0.0830653;0.0021178;0.0096825
7;0.0068306;0.0743898;0;0.0814847;0.009305;0.0287103;0.0047664;0.0206058;0.0770313;0;0.0197282;0;0;0.0063926;0.0852884;0;0;0;0.2982826;0;0;0;0.0122009;0.0481264;0.0455628;0.1157767;0.0042017;0.0177046
7;0.0077312;0.0761569;0.0027523;0.0247607;0.0011168;0.0279639;0.0012252;0;0.0739215;0.0444558;0;0;0;0;0.0464735;0;0.0035468;0;0.5175469;0;0.0016381;0;0.0112223;0.0508338;0.0302332;0.0276913;0.0025204;0.0148605
7;0.0051762;0.0490893;0.0008032;0.0270096;0.0018544;0.0235723;0.0019872;0.0060672;0.0825491;0;0.0178169;0;0;0.001751;0.0184827;0;0.0025129;0;0.5350305;0.0020823;0;0.0011135;0.0057781;0.0515836;0.0211009;0.0906349;0.002916;0.0090322
7;0.0037825;0.0398255;0.0013899;0.0554512;0.0017649;0.0167165;0.0024791;0.0137307;0.0973857;0;0.0363194;0;0;0.0028312;0.0446003;0;0.0026913;0.0008958;0.4824061;0.0054938;0.0018831;0;0.0049305;0.0244816;0.0120663;0.0825599;0.0309508;0.0070588
7;0.0034242;0.026523;0.0012434;0.0215108;0.000794;0.0070398;0;0;0.0809845;0;0.0226408;0;0;0;0.0239382;0;0;0;0.6290411;0;0;0;0.0044346;0.0475749;0.0194001;0.0662318;0.0009177;0.0116478
7;0.0098792;0.0479942;0.0031113;0.02362;0.0030111;0.0589683;0.0014576;0.007307;0.0727438;0;0.0286365;0;0;0.004412;0.0234532;0;0.005253;0.0009939;0.50635;0.0053783;0.0018364;0.0038384;0.0098983;0.0451119;0.026984;0.0240213;0.0058305;0.0105475
7;0.0026293;0.0293161;0;0.0184793;0.0012318;0.0131584;0.0013433;0.0055174;0.0849494;0;0.016917;0;0;0.0012565;0.0083439;0;0;0;0.6410545;0;0;0.002706;0.0052139;0.0352123;0.0191665;0.064381;0.0040813;0.0100472
7;0.0025986;0.0327198;0;0.0195518;0.0021249;0.0273453;0.0016443;0.0047421;0.0779484;0;0;0;0;0.0020817;0.0125802;0;0.0034826;0.0007665;0.6088512;0.0038406;0;0;0.0039186;0.0245522;0.0201032;0.0669138;0.0025093;0.0114652
8;0.0025269;0.003978;0.0022425;0.0006534;0.0461948;0.3074779;0.001399;0.0016232;0.0017179;0.0110826;0.0008213;0.0093521;0.0382276;0.0009096;0.0008362;0.0053203;0.3709942;0.0161782;0.0303828;0.006687;0.0092183;0.0205362;0.0010805;0.0054221;0.0048411;0.0120199;0.0811621;0.0022722
8;0.0022851;0.0245988;0.0114382;0.0534439;0.1287858;0.0025795;0.025773;0.0293292;0.0275216;0.0865157;0.0136825;0.0006191;0.0119157;0.0014708;0.018071;0.0022619;0.2536225;0.0091899;0.1282861;0.0017763;0.0004374;0.0103941;0.0051025;0.0127261;0.0052208;0.0494884;0.0733421;0.0024282
8;0.0057529;0.0182658;0;0.0171652;0.004582;0.0131724;0.0015703;0.0240302;0.0625111;0;0.0182199;0;0;0;0.0065278;0;0;0;0.6249139;0.0017834;0.0016075;0.0006946;0.0056604;0.0164661;0.0125733;0.0661695;0.0710432;0.0059791
8;0.0036421;0.0355322;0;0.0137582;0.0176174;0.0063738;0.0012609;0.0378759;0.0479128;0.0099245;0.0216918;0;0;0;0.007509;0.0015563;0.0129405;0.0020957;0.5437232;0;0;0;0.0045934;0.0231862;0.0173962;0.0721807;0.0873905;0.0083587
8;0.0023782;0.0251126;0;0.0120593;0.0974811;0.023883;0.0033986;0.0649747;0.0403562;0.0413703;0.0103107;0.0096925;0.0035133;0.0011673;0.0079332;0.0038538;0.1432311;0.0109902;0.3390719;0.0013765;0.0012898;0;0.0032689;0.0175258;0.0068873;0.0718465;0.0309298;0.0032774
8;0.0043482;0.033507;0;0.0108988;0.0750478;0.0164324;0.0027183;0.0396046;0.0279722;0.0501811;0.0160076;0;0.0032323;0;0.0088949;0.0029307;0.191309;0.0145832;0.2864383;0.0021339;0;0.0045822;0.0034674;0.0195573;0.0141382;0.0660869;0.0779471;0.0052097
8;0.0036815;0.0248997;0;0.014885;0.0026188;0.0019428;0.000899;0.017405;0.064766;0;0.0209491;0;0;0.0009149;0.0088149;0;0.0019978;0;0.6285785;0.0024131;0;0;0.0046436;0.0299301;0.023059;0.0836238;0.0242233;0.0137129
8;0.0019198;0.0142996;0;0.0033496;0.0331552;0.014802;0.0017417;0.0072497;0.0101657;0.053597;0.0046775;0.0013886;0.0273262;0;0.0035129;0.0015163;0.4907222;0.0092112;0.1079756;0;0.0014802;0.0576897;0.0014677;0.0083215;0.0105573;0.0237124;0.0962759;0.0058571
8;0.0027454;0.0142377;0.0008858;0.0071709;0.0168233;0.003374;0.0019301;0.0192204;0.0233332;0.0777252;0.0206952;0;0.0155993;0.0013437;0.0046269;0.0013642;0.281301;0.0073145;0.2600294;0.0014472;0.0012873;0.0253886;0.0074394;0.0189587;0.0123076;0.0486876;0.1108286;0.0051107
8;0.0010872;0.0157288;0.0005004;0.0025534;0.0562125;0.0464967;0.0019247;0.0082218;0.0085061;0.0635429;0.0036169;0.0015587;0.0347272;0.0011442;0.0036256;0.0020165;0.4272616;0.0166067;0.0746341;0.002601;0.0022722;0.0821987;0.0009648;0.0088015;0.0070289;0.0248937;0.0903258;0.0025032
8;0.0064578;0.0444133;0;0.0151091;0.0254097;0.005975;0.0016281;0.0481368;0.0491219;0.0584914;0.0202355;0.0009885;0;0;0.0171485;0.0020904;0.0486291;0.0043521;0.431144;0;0;0;0.0101805;0.0270035;0.0187427;0.0792806;0.0492262;0.0076729
8;0.0042138;0.03984;0.0012761;0.0127256;0.0203449;0.0227436;0.0020952;0.0214103;0.0406988;0.0356911;0.0168931;0.0041388;0;0.0020294;0.0219001;0.0013667;0.0813917;0.0052257;0.3434534;0.0033058;0;0.0073056;0.0036014;0.02121;0.0104826;0.046887;0.2036565;0.0030222
8;0.0058225;0.0431535;0.0030526;0.0109087;0.0146784;0.0270304;0.0024577;0.0309572;0.0411531;0.0845005;0.0178798;0.0005859;0.0029673;0.002643;0.0111614;0.0020225;0.0585725;0.0034064;0.4133941;0;0.0015701;0.0042964;0.0116946;0.0235486;0.019463;0.0517629;0.0753621;0.0086813
8;0.0033264;0.0262519;0.000896;0.0150044;0.0084327;0.0196252;0.0015753;0.0425;0.072404;0;0.0191668;0;0;0;0.0063239;0;0.007395;0;0.532777;0.0030904;0;0.001462;0.0045677;0.0307633;0.0132754;0.0626125;0.0934813;0.0053286
9;0.0013049;0.0124802;0;0.0028731;0.0316254;0.2562968;0.0014256;0.0049946;0.0082813;0.0123107;0.005304;0.0046887;0.0207255;0.0019297;0.0036834;0.0025712;0.2841347;0.0191948;0.118692;0.012564;0.0068265;0.0337217;0.0496937;0.0098356;0.0123855;0.0289992;0.0406263;0.0049592
9;0.000892;0.003559;0;0.0008563;0.0392191;0.215305;0.0068006;0.0019162;0.0024588;0.0441936;0.0077888;0.003664;0.0446633;0.0024824;0.0011837;0.0012745;0.2655146;0.0112603;0.0363926;0.0159957;0.0045177;0.1870687;0.0009907;0.0050531;0.0045779;0.0161309;0.0734024;0.0013683
9;0.0021606;0.0085911;0;0;0.0075961;0.0276098;0.0029919;0.0010324;0.0018266;0.008351;0.0041619;0.0015763;0.0487718;0;0.0048381;0;0.4908144;0.0235057;0.0603546;0.0180178;0.0059157;0.1653592;0.0008731;0.0065314;0.0103237;0.0029806;0.0923435;0.0034727
9;0.006156;0.0195193;0.000911;0.0148062;0.0006134;0.0564127;0.0018929;0.0163873;0.0344032;0.0223329;0.0237707;0.0004481;0.003993;0.0019488;0.0164446;0.0006431;0.0706013;0.0060821;0.3894649;0.0047295;0.0014189;0.006176;0.1095842;0.0205182;0.041913;0.0600618;0.0221781;0.0165129
9;0.004098;0.0243312;0;0.0164079;0.0322574;0.0625745;0.001635;0.0216967;0.0383219;0.0231072;0.0280447;0.0009795;0.004668;NA;0.0100575;0.0014407;0.10003;0.0107847;0.4168386;0;0;0.0068328;0.0046126;0.0237889;0.0421374;0.0651899;0.0165823;0.0192237
9;0.005255;0.0055285;0.0031412;0.0016695;0.0317681;0.297807;0;0.002013;0.0041654;0.0035046;0.0033132;0.0092091;0.0411414;0.000912;0.0047297;0.0053618;0.2484785;0.0147712;0.0558562;0.0172442;0.0169631;0.0615843;0.0127579;0.0063068;0.0113331;0.0183099;0.1052492;0.0056221
9;0.001079;0.0049024;0.0004737;0.0006579;0.0375881;0.2087384;0;0.0016066;0.0015555;0.0050329;0;0.0033708;0.0402622;0.0005764;0.0009213;0.0031719;0.3250582;0.0133949;0.0260924;0.0087159;0.0073407;0.111188;0.019107;0.0054839;0.0049069;0.0159028;0.1460281;0.0022337
9;0.0041885;0.0273361;0.0012589;0.0129427;0.0205672;0.0127536;0.0025956;0.0141514;0.0417191;0.0460707;0.0308719;0;0.0048109;0;0.0102111;0;0.0747635;0.0056391;0.5283576;0.0041682;0.0019401;0.0071947;0.0042108;0.0205731;0.0229364;0.0479384;0.0247142;0.011276
9;0.0021454;0.0097726;0.001569;0.0022528;0.0204739;0.2682879;0.0008011;0.0024631;0.004188;0.0047285;0;0.0116473;0.0316603;0.0018591;0.0021163;0.0050027;0.218709;0.010546;0.0606094;0.0568942;0.0268004;0.095773;0.0016165;0.0080711;0.0102613;0.0157361;0.1128238;0.0028302
9;0.001255;0.0063899;0.000472;0.001116;0.0258165;0.2044059;0.0057801;0.0019717;0.0017148;0.0226796;0;0.0038432;0.0343993;0.0013878;0.0036176;0.0017074;0.2418911;0.0102623;0.0338497;0.0219403;0.006446;0.2075092;0.001626;0.0066938;0.0081041;0.0155001;0.1190807;0.0042951
9;0.0010863;0.0022484;0.0013411;0.000433;0.0353309;0.2162383;0.0046132;0.0012069;0.0012106;0.0083047;0.0007165;0.0052001;0.0344424;0.0009757;0.0004419;0.0030146;0.204574;0.0080686;0.0235218;0.0170651;0.0107316;0.1701126;0;0.0040431;0.004154;0.011414;0.2249476;0.0011508
9;0.0016772;0.0016087;0.0004165;0.0009737;0.0445277;0.2281714;0.007403;0.0029726;0.0031906;0.0249394;0;0.0036249;0.0382334;0.0009901;0;0.0023038;0.3100939;0.0119125;0.0550776;0.015845;0.0059968;0.1176236;0;0.0059336;0.0058638;0.0165224;0.0858853;0.0019887
9;0.0009859;0.0042839;0.0003432;0.0008426;0.0419536;0.118309;0;0.0013572;0.0015245;0.0150801;0;0.0019102;0.0354132;0.0011947;0.0009938;0.0014182;0.3061689;0.0116746;0.022021;0.0068804;0.0031014;0.2454932;0.000841;0.0067043;0.0042611;0.0125125;0.1477832;0.0016532
9;0.0091844;0.0120211;0.0019071;0.0134957;0.0576586;0.0307562;0.0022672;0.0373099;0.0426177;0.0315957;0.0106672;0;0;0.0015238;0.0043807;0.0015962;0.0433427;0.0040424;0.4364417;0.0033465;0;0.0040447;0.0297548;0.0307636;0.0216276;0.081853;0.0495551;0.0087169
9;0.0042707;0.0072395;0.000883;0.0043893;0.025375;0.3493601;0.001041;0.0043014;0.0126555;0.0069934;0;0.0037537;0.0185285;0.0011393;0.0037946;0.0017494;0.1841847;0.0088644;0.1559288;0.0096027;0.0053443;0.0135365;0.056841;0.005874;0.0187989;0.0333204;0.0319169;0.0065808
9;0.0012449;0.0026616;0.0015375;0.0005758;0.0392873;0.2451071;0;0.0013455;0;0.0041014;0;0.0085175;0.0535373;0.000676;0.0005721;0.0059301;0.2399777;0.010649;0.0026864;0.0190156;0.0216291;0.0968825;0;0;0.0014047;0.009519;0.2278958;0.0005019
9;0.0007708;0.0051938;0;0.0008822;0.0601744;0.1737137;0.0013981;0.0021613;0.0013479;0.0177486;0.0013005;0.0025959;0.0300166;0.0015064;0.001324;0.0029151;0.2439764;0.0097393;0.0245127;0.0068703;0.0044706;0.2018882;0.0009873;0.0042454;0.0039569;0.0135736;0.1751604;0.0012164
9;0.0035679;0.0016791;0.0106836;0.0003756;0.0186241;0.2283885;0.0014056;0.0011044;0.0005537;0.0011278;0;0.0233441;0.0409744;0.0020975;0.0003044;0.0131967;0.2762318;0.0158402;0.0084764;0.0471687;0.0601862;0.1156114;0.0009353;0.0038649;0.0030615;0.0021602;0.1148082;0.0007586
9;0.0067821;0.0008762;0;0.0003583;0.0252302;0.3046485;0.0007489;0.001182;0.0004836;0.0030329;0;0.021322;0.0434235;0.0012838;0;0.0129334;0.1652818;0.0114155;0.0139646;0.0593054;0.0617789;0.1077064;0.0165784;0.0036891;0.0055107;0.0113141;0.1154406;0.0012946
9;0.0049264;0.0166855;0.0132902;0.0043215;0.0164834;0.3442644;0.0010118;0.0054302;0.0098614;0.004529;0.0072961;0.0455081;0.0213066;0.0016732;0.0078497;0.0268821;0.1227595;0.0118573;0.1038309;0.0408841;0.0970268;0.0080394;0.001835;0.0126487;0.00926;0.0202254;0.0266962;0.0045356
9;0.0054197;0.0084493;0.0011104;0.0025414;0.023226;0.1349754;0.0030914;0.0031725;0.0027791;0.005008;0;0.0061636;0.0345572;0.0049987;0.0324964;0.0023922;0.3549745;0.0143057;0.0311581;0.0357008;0.0082514;0.132282;0.0027705;0.0119895;0.0142306;0.0037484;0.1065341;0.0042015
10;0.0015413;0.0029779;0.0004501;0.0011651;0.0445557;0.10691;0.0094941;0.0017204;0.0026414;0.0075708;0;0.00303;0.0403576;0.0022659;0.0008207;0.0021329;0.2966824;0.0161409;0.0385971;0.0121999;0.0055681;0.2285034;0.0084762;0.0044123;0.005524;0.0144754;0.1343372;0.0016752
10;0.0009269;0.0042813;0.0003692;0.001095;0.0567387;0.0966465;0.0113351;0.0019997;0.002352;0.0077367;0.0018971;0.0018942;0.041809;0.0022239;0.0009958;0.0016545;0.3180983;0.0194563;0.0354734;0.0143367;0.0031053;0.1913526;0.0099329;0.0051947;0.0044156;0.0189071;0.1404761;0.0011136
10;0.0059726;0.0043872;0.0129093;0.0026172;0.0375836;0.3059763;0.0009829;0.0019684;0.0050676;0.0015504;0.004735;0.019906;0.0311338;0.002023;0.0017371;0.0128574;0.1777142;0.0143996;0.0732818;0.0620285;0.0510719;0.0467956;0.0018793;0.0086644;0.0114413;0.0096588;0.0834335;0.0035339
10;0.0031422;0.0208006;0.001011;0.0100272;0.051017;0.1827169;0.0035045;0.0131098;0.0218534;0.0122333;0.0198794;0.0051101;0.018525;0.0039307;0.0113774;0.0039872;0.2242095;0.0199341;0.1610066;0.0112083;0.006871;0.0284303;0.0044648;0.0156521;0.0122667;0.0316162;0.0813004;0.0068207
10;0.0027727;0.0187162;0;0.0091491;0.074617;0.0796355;0.0046564;0.0154879;0.0318795;0.0267379;0.0119605;0.0007984;0.0117932;0.0011476;0.0051241;0.0012412;0.1663425;0.0135147;0.2720173;0.0044809;0.0014879;0.0100437;0.0868835;0.0114368;0.0244196;0.0560001;0.0216963;0.007314
10;0.0022272;0.0026962;0.0015663;0.0009747;0.0365772;0.2073699;0.005174;0.0016088;0.0018786;0.0060648;0;0.0118403;0.050373;0.0033162;0.0008548;0.0056374;0.2914338;0.019021;0.0254543;0.0284323;0.0214971;0.1464998;0.0007847;0.0062407;0.0067613;0.008552;0.0995062;0.00224
10;0.0015446;0.0032607;0.0003752;0.0014582;0.0872892;0.1111457;0.0121243;0.0030023;0.0041934;0.0134557;0.0033762;0.0010637;0.03546;0.0024464;0.0014876;0.0019832;0.3556287;0.0253492;0.0491518;0.0055222;0.0018144;0.1267623;0.0138292;0.0045591;0.0070326;0.0222102;0.0971687;0.0016628
10;0.0025411;0.0060458;0.0005498;0.0019295;0.0591663;0.2800652;0.0081526;0.0039292;0.0062101;0.0098325;0.0051241;0.0035343;0.0317658;0.0012796;0.0030771;0.0023265;0.2405116;0.0203843;0.1058298;0.0100352;0.0049737;0.0513794;0.0266932;0.0095676;0.018939;0.0202558;0.0533172;0.0059665
10;0.0027857;0.0173177;0;0.0127828;0.0992125;0.0116136;0.010084;0.0101238;0.0575782;0.0115407;0.0271383;0.0003086;0.0016919;0.0026034;0.0096041;0;0.0339549;0.0167288;0.5806318;0.0040888;0.0036388;0;0.0022088;0.0128191;0.0141871;0.0267086;0.0112418;0.0082596
10;0.0038937;0.0336001;0;0.0182404;0.0905165;0.0165822;0.0082425;0.0350983;0.0777783;0.0119863;0.0235774;0.0011009;0.0012992;0.0025457;0.0139256;0;0.014109;0.0086384;0.4646929;0.002772;0;0.0021885;0;0.0261074;0.0190356;0.0679682;0.0164357;0.0081159
10;0.0018335;0.0098106;0.0004424;0.00322;0.076359;0.2022777;0.0012518;0.0085228;0.00955;0.0147422;0.0072148;0.0030024;0.0287998;0.0011393;0.003207;0.0035148;0.2736134;0.0210774;0.1194131;0.0125288;0.0055702;0.0448453;0.0210409;0.0092977;0.0090606;0.0299048;0.0673226;0.0044804
10;0.0029535;0.0042411;0.0005014;0.0032728;0.1183012;0.1384977;0.0033725;0.012704;0.0105805;0.0236242;0.0047331;0.0015048;0.0242779;0.0015594;0.0012069;0.0034915;0.2867248;0.0265226;0.1132132;0.0069377;0.0023371;0.0257226;0.0216622;0.0080593;0.0059704;0.0336328;0.1039441;0.0017462
10;0.0016177;0.0095825;0.0006651;0.0115879;0.0009979;0.0015995;0;0.001928;0.0496152;0;0.0290961;0;0;0;0.0316597;0;0;0;0.7814316;0;0;0;0.0035652;0.0144931;0.0218036;0.0188047;0.0009865;0.0119459
10;0.0034123;0.0361797;0;0.0145953;0.0206475;0.0249684;0.0015511;0.0143306;0.0580082;0.0086374;0.0288011;0;0;0;0.011453;0;0.0028038;0;0.5973626;0;0;0;0.0079087;0.0276759;0.0349293;0.0601482;0.0025082;0.0235009
10;0.0080981;0.0108873;0.0011341;0.0087618;0.065544;0.1503516;0.0017337;0.0086283;0.01884;0.024618;0.0387563;0.001075;0.0130711;0;0.0362954;0.0009611;0.186448;0.0128068;0.1990964;0;0.0010523;0.0109223;0.077969;0.0152964;0.0336134;0.0310248;0.0303491;0.0126658
10;0.0063271;0.0156494;0.0010872;0.0135961;0.0609106;0.0743821;0.002614;0.0146345;0.0288784;0.0273167;0.0293466;0;0.007139;0.0016889;0.0430702;0.0008905;0.1227568;0.0099414;0.2902681;0;0;0.0084818;0.0635872;0.0206277;0.0430992;0.0492706;0.0353437;0.0145088
10;0.0074526;0.0117169;0.0013879;0.0060972;0.0283811;0.2727801;0.0002942;0.0076435;0.0185221;0.0081153;0.016987;0.0008962;0.0077234;0;0.0129732;0.0010728;0.0671705;0.0036748;0.2468763;0;0.0010727;0.0064535;0.1026855;0.014696;0.049095;0.0340305;0.0458043;0.0152511
10;0.0062339;0.0276073;0;0.000589;0.0223098;0.3177828;0.001248;0;0.00171;0.0036812;0.0014762;0.0216773;0.0404053;0.0007596;0.002543;0.0150959;0.1902487;0.0102575;0.022471;0.0515135;0.0662122;0.0545842;0.0018247;0.0036998;0.0046919;0.0100505;0.1166161;0.0015208
11;0.0030067;0.0536661;0;0.022118;0.001386;0.0120643;0;0;0.0834004;0;0.0337471;0;0;0;0.0169441;0;0;0;0.6199572;0;0;0;0.0065584;0.0320472;0.0211689;0.0563654;0.0013655;0.0115295
11;0.0080988;0.0791357;0.0025;0.0316104;0.0042532;0.0250343;0.0024284;0;0.0660662;0;0.0284886;0;0.0019001;0.0012809;0.0356166;0;0.0043956;0;0.6002142;0.0042262;0;0;0.0047704;0.0349455;0.0202262;0;0.0028731;0.0087742
11;0.0102288;0.0816351;0.0021662;0.0183571;0.0017112;0.0217671;0;0.0048268;0.0824683;0;0.0300993;0;0;0;0.0258014;0;0.0025344;0;0.5918885;0;0;0;0.0087717;0.0390457;0.0359178;0.0206728;0.0011214;0.0209865
11;0.0077037;0.0236162;0.0015431;0.0185958;0.0056456;0.0109338;0.001425;0.0055609;0.0808631;0;0.0295708;0;0;0.0016175;0.0072216;0;0.0016747;0;0.7097388;0.0027689;0.0012948;0;0.0067847;0.01865;0.0177338;0.0141231;0.0056097;0.0077684
11;0.0050432;0.0262965;0.0016091;0.0230271;0.0024154;0.0098591;0.0013251;0.0103593;0.0647919;0;0.0275629;0;0;0.0016523;0.0136916;0;0.0027685;0.0004047;0.6420702;0.0038882;0.0018917;0.0015511;0.0042317;0.0181746;0.0183677;0.0642878;0.0052401;0.0086428
11;0.0093639;0.0524781;0.0047093;0.0299211;0.0040567;0.0409195;0.0053217;0.0144396;0.0866553;0;0;0;0;0.0039803;0.0399576;0;0.0037547;0.0011586;0.5102956;0.0045685;0.0017172;0;0.0097258;0.0221328;0.0189533;0.0256751;0.0031719;0.0075545
11;0.0107005;0.0919914;0.0056884;0.0272662;0.0250755;0.0616812;0.0027464;0.0410162;0.0756806;0;0.0348536;0;0;0;0.0356135;0;0.0072871;0;0.4038831;0;0;0;0.0117518;0.0336845;0.0292109;0.0281214;0.0148906;0.0147363
11;0.0096937;0.0580806;0.0034844;0.0213567;0.0076706;0.097995;0.0052871;0.0176259;0.0842135;0;0.0224171;0.0526187;0;0.003743;0.0196391;0;0.0025677;0.0010367;0.4860625;0.005107;0;0;0.0092406;0.0280326;0.0269314;0.0239801;0.0030678;0.0101482
11;0.009801;0.0582763;0.0129631;0.0248405;0.0056971;0.3578928;0.0025761;0.006461;0.054909;0;0.0135712;0.0090804;0;0.0016901;0.0860805;0.0039198;0.007483;0;0.2281751;0.0039298;0;0;0.0235939;0.0228781;0.0155423;0.0187136;0.0029672;0.0067366
11;0.0134497;0.012008;0.0842978;0.0048577;0.0064161;0.5325545;0.0020188;0.0025095;0.017471;0;0;0.0393336;0.0054984;0.0010273;0.0045301;0.0116294;0.0108787;0;0.1479671;0.0066978;0.019361;0;0.0103392;0.0123549;0.0089734;0.0063694;0.0054766;0.0027527
11;0.0084515;0.0632426;0.0035908;0.0262147;0.0044335;0.06744;0.0036889;0.0097863;0.0830278;0;0;0;0;0.0061179;0.0367772;0;0.0042256;0.0023035;0.4654721;0.0055532;0.0019104;0;0.0117403;0.0330998;0.0228677;0.0275892;0.0025967;0.009506
11;0.0055957;0.0726737;0.0014102;0.0318051;0.0017636;0.0251589;0.0025957;0.0076788;0.0829664;0;0;0;0;0.0037052;0.0318457;0;0.003844;0.0010296;0.5168669;0.0049291;0.0013961;0;0.0108224;0.0292781;0.0247426;0.0262265;0.0017487;0.0093315
11;0.0054802;0.0548824;0.0010554;0.0226873;0;0.031153;0;0;0.076537;0;0.0371466;0;0;0;0.021261;0;0.0038612;0;0.5769148;0;0;0;0.0099729;0.038898;0.0421859;0.0225541;0.0015918;0.0217327
11;0.0074461;0.0674807;0;0.0214475;0.0009778;0.010835;0;0;0.0726614;0;0.0349422;0;0;0;0.0216342;0;0;0;0.6133353;0;0;0;0.0092578;0.0432742;0.0277149;0.0242136;0.0013324;0.0142104
11;0.0041496;0.0560305;0;0.0205343;0.0020979;0.0531827;0;0;0.0748832;0;0.0395701;0;0;0;0.0241282;0;0.0023957;0;0.5950006;0;0;0;0.0070149;0.0339319;0.0264265;0.0187875;0.0020291;0.0135891
11;0.0085533;0.0498167;0.0025849;0.0203795;0.0383242;0.1848806;0.0039108;0.0356839;0.0708224;0;0.0245978;0.0030358;0;0.0020481;0.0234741;0.0026273;0.0048733;0.0025897;0.3917329;0.0027611;0.0018714;0.0089993;0;0.0262408;0.0180092;0.0215043;0.0106936;0.0064114
11;0.0038796;0.0437933;0.0026307;0.0159609;0.0007271;0.0045733;0;0;0.0644455;0;0.0360927;0;0;NA;0.0142799;0;0;0;0.7113605;0;0;0;0.0043799;0.0222468;0.0232681;0.0130721;0.0013077;0.013443
11;0.005225;0.0538149;0.0021515;0.0228289;0.0016651;0.0157471;0.0020403;0.0094044;0.0800416;0;0.0690262;0;0;0.0060055;0.0271874;0;0.003038;0.0006666;0.546414;0.0046874;0.0018566;0;0.0100656;0.0302554;0.0248177;0.0231048;0.0043277;0.0109174
11;0.012133;0.0957553;0.0061425;0.0197966;0.0348445;0.0851433;0.0013882;0.0178812;0.05206;0.0117778;0.0187791;0.0038586;0;0;0.053277;0.0018832;0.0106604;0;0.364411;0;0.0027825;0;0.0094364;0.0393555;0.0330746;0.0221895;0.0527124;0.0171831
11;0.0064915;0.0415079;0.0032312;0.0151574;0.0703057;0.2446021;0.0078784;0.033997;0.03469;0.042534;0;0.0059741;0.0037471;0.0059163;0.0143403;0.0039782;0.0342431;0.0065145;0.2482311;0.0050858;0.0023022;0.0014412;0.0170126;0.0301876;0.0190632;0.0142922;0.0142076;0.006698
11;0.0036119;0.0240697;0.0017044;0.0194645;0.0023231;0.014602;0.001541;0.0079715;0.0674967;0;0.0241129;0.0027166;0;0.001565;0.0131566;0;0.0083397;0;0.6587496;0.0028681;0.0015403;0.0111658;0.0037683;0.0187422;0.0162372;0.0600682;0.0032934;0.0096342
11;0.0023808;0.0358627;0;0.0186692;0.0011364;0.0166964;0;0.0041075;0.0698461;0;0.0310897;0;0;0;0.0119354;0;0.0020223;0;0.6383746;0;0;0;0.0061859;0.0307746;0.0272611;0.055955;0.0043713;0.023885
11;0.0043516;0.0385103;0;0.0155085;0;0.0059177;0;0;0.0802812;0;0;0;0;0.0028915;0.0099839;0;0;0;0.7030293;0;0.0012744;0;0.0076627;0.029323;0.0216559;0.0155135;0.0007596;0.0108466
11;0.0072103;0.0573467;0.0013801;0.027362;0.003247;0.0118201;0.0021921;0.0094758;0.0521568;0.013813;0;0;0;0.0043509;0.0196586;0;0.0030718;0.0010111;0.541379;0.0046268;0;0;0.0473546;0.0376856;0.0322836;0.0214275;0.0030717;0.009483
11;0.0031802;0.0645957;0.0040861;0.0101291;0.036396;0.3916435;0.0074925;0.0213853;0.0094882;0.0215153;0.0049567;0.0353386;0.0165765;0.0042818;0.0246603;0.0130221;0.1057526;0.0072043;0.0629246;0.0113888;0.0081683;0.0054822;0.0133756;0.0275885;0.0168452;0.013125;0.0104555;0.005859
11;0.0108608;0.0360209;0.0032751;0.0204021;0.0010557;0.0107833;0.0017278;0.0044645;0.0842331;0;0.0221311;0.021902;0;0.0020118;0.0107847;0;0.0013934;0;0.6277017;0.002822;0;0;0.0293363;0.0331327;0.023655;0.0162792;0.0009896;0.0080229
11;0.0060007;0.0767427;0;0.0181773;0;0.0072096;0;0;0.0749781;0;0.0307205;0;0;0;0.0198772;0;0;0;0.6283279;0;0;0;0.0090668;0.0368384;0.0264644;0.0195944;0;0.0104958
11;0.0052684;0.0282661;0.0034241;0.0381025;0.0027586;0.0536505;0.0015806;0.0061332;0.0694666;0;0.0345453;0.0015359;0;0;0.068126;0;0.0023667;0;0.5610945;0;0;0;0;0.017568;0.0178985;0.0604561;0.0023775;0.0078858
11;0.0050337;0.051299;0.0067544;0.0143472;0.004099;0.2416809;0;0.0058128;0.0559143;0;0.0285069;0.0046591;0;0;0.0170576;0.001937;0.0056246;0;0.4569485;0;0.0024533;0;0.0065611;0.0229079;0.0182341;0.0154735;0.0023219;0.0075539
11;0.0062143;0.0438919;0.0109671;0.0247955;0.0054054;0.2552389;0.002141;0.0168114;0.0548406;0;0.0376993;0.0038943;0.0018254;0.0011114;0.0277935;0;0.0027593;0;0.4088886;0.0031547;0.0021627;0;0.0061371;0.0199821;0.0127514;0.0151598;0.0077651;0.0062284
11;0.0061358;0.1289944;0.0021283;0.0307112;0.0011088;0.0187178;0;0;0.0783969;0;0;0;0;0;0.0340129;0;0.0030456;0;0.4655578;0;0;0;0.015009;0.0487709;0.039962;0.0336664;0.0015282;0.0165182
11;0.0024234;0.021747;0.0174869;0;0;0.0032255;0;0;0.060226;0;0.0481673;0;0;0;0.0244956;0;0;0;0.6910897;0;0;0;0.0028819;0.0350116;0.0202601;0.0584446;0.0009807;0.0135597
11;0.0077935;0.077373;0.0029503;0.0276429;0.0016937;0.0078383;0;0;0.0726528;0;0.0474187;0;0;0;0.0256838;0;0;0;0.5370868;0;0;0;0.0101139;0.0387043;0.0394947;0.0217038;0.0033193;0.0316015
11;0.0080135;0.0562975;0.003978;0.0376018;0.0153259;0.2833122;0.0027387;0.035727;0.0596311;0;0.0248893;0.0018256;0.0014181;0.00353;0.0404372;0.0023411;0.0081371;0;0.3026338;0.0036965;0.0016271;0;0.008314;0.0195294;0.0142373;0.0197596;0.0153259;0.0063414
11;0.0047702;0.0475816;0.0015177;0.0207355;0;0.047038;0.0013126;0.0056551;0.0817108;0;0.0326089;0.0005631;0.0010361;0.002511;0.0154768;0;0.0040778;0.0005144;0.5901;0.0049227;0.001624;0.001463;0.0087244;0.0275464;0.0202698;0.0195719;0.006226;0.0081752
11;0.0068603;0.0540012;0.0015003;0.0262694;0.0073021;0.0350977;0;0.0238321;0.0624401;0;0.0309713;0;0;0;0.0572942;0.0011754;0.0024399;0;0.5439675;0;0;0;0.0075595;0.0353709;0.0275963;0.0198708;0.0160394;0.0143183
11;0.0048778;0.0574452;0.0010397;0.0197745;0.0009814;0.0086165;0;0;0.0856862;0;0.0212926;0;0;0;0.0137974;0;0;0;0.6591018;0;0;0;0.0079053;0.0378678;0.0212263;0.0173555;0.0023258;0.0080013
11;0.0051631;0.0469183;0.0019149;0.0179972;0.0013133;0.020471;0;0;0.0900365;0;0.0289825;0;0;0;0.0148726;0.0038621;0.642987;0;0;0;0.0016409;0;0.0077874;0.0255605;0.0253565;0.0189292;0.0038401;0.0098953
11;0.0093368;0.0040964;0;0.0345083;0;0.0239263;0.0026423;0.008956;0.084949;0;0.0492795;0;0;0.0022771;0.0387194;0;0.0025547;0;0.5887972;0.003757;0.0019961;0;0.0102279;0.0294544;0.0270378;0.0238489;0.0040801;0.012685
11;0.0060356;0.0654984;0.0014542;0.0244407;0.0123376;0.035399;0.002801;0.0201699;0.0767052;0.0177913;0;0;0;0.0034157;0.0301083;0.0013837;0.0052357;0.0015216;0.3989779;0.0044563;0;0;0.0187891;0.0176945;0.0216828;0.0128168;0.1209315;0.0068683
11;0.0052595;0.0739304;0.0014534;0.0173131;0.009933;0.0091086;0.0014557;0.019759;0.0711368;0.0160908;0.0276171;0;0;0;0.0390405;0;0;0;0.5404173;0;0;0.016856;0.0141457;0.0366352;0.0309396;0.01132;0.0039706;0.0160416
12;0.0013209;0.0052679;0.0006463;0.0005776;0.0031341;0.2929778;0.0002196;0.0005635;0.0009443;0.0003376;0;0.0120442;0.0270542;0.0002909;0.0009252;0.0108354;0.2158876;0.0009582;0.0055279;0.1056774;0.0231921;0.157791;0.0060594;0.0056614;0.0200616;0.0023381;0.0939569;0.0015859
12;0.0010634;0.0045141;0.0006623;0.0004833;0.0024665;0.3045245;0.0033166;0.0007701;0.0010462;0;0;0.0123208;0.0314587;0.0004832;0.0016577;0.0075168;0.2065292;0.0007154;0.004827;0.1373077;0.0195264;0.1652885;0.0056498;0.0059762;0.0128456;0.0025536;0.056938;0.0011287
12;0.0011864;0.0075007;0.0007227;0.0015035;0.006337;0.3470821;0.0004694;0.0011258;0.0057809;0;0.0005059;0.0250037;0.0074233;0.0026869;0.1624673;0.0081292;0.0846194;0;0.0005887;0.006567;0;0.1518213;0.0049435;0.0092467;0.0515034;0.0036607;0.0955736;0.0034771
12;0.0023559;0.0125867;0.0006074;0.004908;0.0133079;0.1862628;0;0.003714;0.0105494;0;0.0013338;0.0035988;0.0351661;0.0012046;0.0032197;0.0017644;0.2771443;0.0009687;0.0267041;0.0108782;0.0013835;0.0876413;0.0043973;0.0198505;0.1915834;0.007826;0.0742127;0.0037916
12;0.0015274;0.0062444;0.0003545;0.0011639;0.012258;0.4128452;0;0.0018819;0.0036843;0.0009859;0;0.0040619;0.0306488;0;0.0010859;0.0030646;0.2079546;0.0037306;0.0138812;0.0439466;0.00801;0.129894;0.0110467;0.0077684;0.0114991;0.0290512;0.0441272;0.0017773
12;0.0019122;0.0059593;0.0012513;0.0008929;0.0066921;0.4362351;0.0004728;0.0011669;0.0051478;0;0;0.008676;0.0226388;0.0003682;0.0027566;0.005834;0.1492771;0.0025158;0.0090933;0.0810059;0.0227632;0.0917987;0.0045098;0.0039629;0.0116453;0.0045774;0.1076971;0.0010691
12;0.0022872;0.0053462;0.001178;0.0006537;0.0042894;0.3811141;0;0.0005241;0.0037885;0;0;0.013824;0.0263986;0.000317;0.0032143;0.0100188;0.142868;0.0018932;0.0055426;0.0631758;0.0383001;0.1220051;0.0279556;0.0037724;0.0309719;0.0027617;0.0989891;0.0016792
12;0.0398927;0.0024042;0;0.0016185;0.0260027;0.5393255;0.001518;0.0062567;0;0;0;0.0061408;0.036687;0.0016843;0.0003427;0.0028078;0.2012685;0.0048073;0.0012527;0.0454131;0.0088796;0.0292696;0.0148439;0.0025162;0.002599;0;0.0081282;0.0003628
12;0.0015163;0.0040819;0.0013401;0.0010883;0.0092891;0.3911769;0;0;0.0041342;0;0;0.0103326;0.019552;0.0006982;0.0014276;0.0080178;0.1666648;0.0025304;0.0083422;0.0883088;0.0247791;0.1243592;0.0020598;0.0105688;0.0392735;0.0049007;0.0660116;0.0039116
12;0.0034792;0.0098504;0.0008056;0.0054582;0.0112716;0.3031513;0.0014363;0.0080615;0.0172649;0;0.0242894;0.0036666;0.0366603;0.0025315;0.0099548;0.0016238;0.2608577;0.0023768;0.0315157;0.0305062;0.0022584;0.0736915;0.0145631;0.014682;0.0494222;0.0486982;0.0234855;0.0054186
12;0.003208;0.009392;0.0006113;0.0045088;0.0142586;0.2992682;0;0.0066531;0.0157819;0;0;0.0039276;0.0362903;0;0;0.0017555;0.2482314;0.0017918;0.0441331;0.0416861;0.0027673;0.0801023;0.0071289;0.0196936;0.0576763;0.0546219;0.0301056;0.0027653
12;0.0026589;0.034287;0;0.0183509;0.0088512;0.0110456;0.0015149;0.0082505;0.0636591;0;0.0252933;0;0.0007107;0.0021282;0.013458;0;0.0024337;0.0007191;0.6282294;0.0039592;0.0011262;0.0016078;0.0042729;0.0211238;0.0126334;0.085271;0.001783;0.0090799
12;0.0013991;0.0054612;0.0008361;0.000757;0.0036081;0.4508663;0.000618;0.0014249;0.0035119;0;0;0.0122963;0.0288226;0.0004519;0.0061243;0.0109303;0.1649282;0.0021805;0;0.1007077;0.034377;0.0615507;0.0017336;0.0056753;0.0101426;0.0043831;0.0758379;0.0009405
12;0.0016418;0.0050856;0.0010068;0.0008956;0.0053936;0.4083743;0;0.0011949;0.0027304;0;0;0.0079108;0.0149633;0.0004392;0.0011717;0.0076026;0.1370326;0.0017063;0.0079802;0.0969719;0.0290556;0.1305484;0.0019058;0.0085563;0.020603;0.0046942;0.0953928;0.001677
12;0.0017586;0.0062635;0.0011162;0.0009173;0.0039868;0.3202959;0;0.0010293;0.0015179;0;0;0.0075392;0.0253051;0.0003647;0.0011676;0.0070751;0.2141835;0.0019038;0.0049193;0.1174395;0.0264569;0.1256284;0.0015614;0.0071882;0.0160564;0.0036313;0.097252;0.0008861
12;0.0018105;0.0032078;0.0019112;0.0022848;0.0032621;0.3937596;0.0003158;0.0009604;0.0053977;0;0.0003362;0.0421741;0;0.0003406;0.0376615;0.0097295;0.2034255;0.0018117;0.0045287;0.1137038;0.0043114;0.0699584;0.001356;0.0045529;0.0092145;0.0029637;0.0764598;0.0009108
12;0.0022174;0.0056363;0.0015232;0.0010241;0.0046591;0.3575823;0;0;0.0016097;0;0;0.0094848;0.0184198;0;0.0080769;0.0090121;0.1536643;0.0019701;0.0059547;0.1198133;0.030938;0.1041319;0.0023432;0.0093803;0.0215623;0.0044257;0.118488;0.0023599
12;0.0017189;0.0034215;0.0016584;0.0008774;0.0077898;0.3553994;0;0.0016369;0.0013048;0;0;0.0111612;0.0260585;0.0008099;0.0009786;0.0080764;0.2099729;0.0025262;0.0057949;0.1212016;0.0272246;0.1269446;0.0018914;0.008918;0.0300497;0.004643;0.033985;0.0009039
12;0.0029465;0.009299;0.0010863;0.0031689;0.0133428;0.3411907;0.0009891;0.0035805;0.0047717;0;0.0017366;0.0081276;0.0327932;0.0019831;0.004158;0.0033808;0.218385;0.0016671;0.0232035;0.0571566;0.0069567;0.0772833;0.0032011;0.0174199;0.0963397;0.0075;0.0387047;0.0027021
12;0.0038585;0.0085835;0.002334;0.0009691;0.005649;0.5471722;0;0.0009937;0.001006;0;0.0003462;0.0069734;0.0309296;0;0.0019075;0.007712;0;0.0017273;0.0055303;0.0584837;0.024733;0.1570954;0.0021738;0.0082035;0.0304739;0.005045;0.0774956;0.0017595
12;0.0025918;0.0049681;0.0019624;0.0018778;0.0065685;0.3995431;0;0.0019389;0.0024842;0;0.0004482;0.0101838;0.0267783;0.000553;0.0098046;0.0069857;0.1756866;0.0028603;0.010178;0.1092912;0.0253038;0.0904635;0.001475;0.0066525;0.0203977;0.0036197;0.0708226;0.0013574
12;0.0020218;0.0068074;0.001396;0.0013874;0.0029014;0.2436891;0;0;0.003398;0;0;0.0110314;0.0187673;0;0.0081843;0.0121343;0.2122335;0.0019363;0.0056873;0.1556413;0.039401;0.0958726;0.0015092;0.0087272;0.0271581;0.0034739;0.129875;0.0014368
12;0.002208;0.0079215;0.0015691;0.0008165;0.0054587;0.3706673;0;0.0011769;0.0016132;0.0004807;0.0100113;0.0152903;0.0200999;0.0009635;0.0029449;0.0100686;0.1385393;0.0024461;0.0056725;0.1733326;0.0318427;0.0657492;0.0018789;0.0075424;0.0278706;0.0043207;0.0881855;0.0009737
13;0.0003277;0.0019769;0.0002823;0.0001592;0.0070142;0.0231161;0.0024712;0.000363;0;0.0042883;0;0.0022046;0.025492;0.0021347;0;0.0002251;0.0554983;0.003127;0.0002043;0.0178157;0.0032371;0.8203827;0;0.0018618;0;0.0020519;0.0247252;0
13;0.0002296;0.0002559;0.0159789;0;0.0105832;0.0403538;0.0048003;0.0013837;0;0.0005427;0;0.0028056;0.0408842;0.0028813;0.0079096;0.0005264;0.1214179;0.0059244;0.0016901;0.0178771;0.0036294;0.7111271;0.0003682;0.0010804;0.0011607;0;0.0037033;0.0012448
13;0.0004435;0.0007569;0.0002289;0.0001909;0.0115078;0.0804553;0.0010028;0.0012273;0.0005918;0.0049159;0;0.0031994;0.0320982;0.0026769;0.0001546;0.0007742;0.1125248;0.0041537;0.002641;0.0132586;0.0045304;0.7059673;0.0005108;0.001484;0.0009276;0.0051827;0.0070139;0.0014904
13;0.0018107;0.002719;0.0004156;0.0010203;0.0467474;0.2221811;0.0040941;0.0038181;0.0010476;0.0248208;0.0091884;0.0057874;0.0933476;0.007925;0.0005487;0.0020714;0.4763605;0.0156082;0.0142516;0.005976;0.0041927;0;0.003039;0;0.0055398;0.0016806;0.0336255;0.0037026
13;0.003321;0.0012203;0.0009165;0.0004816;0.0086133;0.0272432;0.0006395;0.0016636;0.0008958;0.0439256;0;0.0015191;0.0458046;0.001809;0;0.0003824;0.2327388;0.0026877;0.0040078;0.0094403;0.0027192;0.5710456;0.0028542;0.0073845;0.0043991;0.0016266;0.0177356;0.001759
13;0.0074067;0.0008847;0.0118055;0;0.0070731;0.1143306;0.0002002;0.0005325;0.000854;0.0013837;0;0.0103296;0.0647205;0.0020452;0.0032495;0.0011984;0.1165839;0.0073683;0.0011335;0.0909887;0.018397;0.4635838;0.0044724;0.0025615;0.0041965;0.0011477;0.0348633;0.0271378
13;0.0005412;0.0015856;0.0000689;0.0003389;0.017379;0.0481828;0.0009176;0;0.0004269;0.0057783;0;0.0013255;0.0347813;0.003567;0.0002245;0.0006719;0.1349168;0.0071889;0.0031162;0.0029739;0.0013144;0.7029959;0.0003848;0.0028897;0.0022193;0.0060272;0.016684;0.0016394
13;0.0006428;0.0021633;0.000111;0.0004033;0.0140105;0.1351006;0.0004812;0.0011949;0.0003629;0.005144;0;0.0031517;0.047586;0.0020539;0.0002581;0.0013326;0.2516406;0.0080976;0.0039004;0.0043235;0.0038564;0.465601;0.0022867;0.0057527;0.0049575;0.0116778;0.0192755;0.0021438
13;0.0012378;0.0012474;0;0.0002755;0.0134157;0.0390715;0.0034647;0.0005928;0.0004156;0.0048421;0;0.0011906;0.0277796;0.0027412;0.0003328;0.0003173;0.1094963;0.0044136;0.0012595;0.0039665;0.0010625;0.7593314;0.0005749;0.002454;0.0009861;0.0048557;0.0107439;0.0015976
13;0.0009064;0.0019839;0;0.0005256;0.0219709;0.0399947;0.002954;0.0011435;0.0006727;0.0151091;0;0.0008908;0.0400493;0.0020904;0.0006027;0.0006975;0.1699688;0.0104934;0.0051381;0.0016955;0.001027;0.6374104;0.0031164;0.0049521;0.005888;0.0098026;0.0128749;0.0055086
13;0.0003679;0.000536;0.0000641;0.0001008;0.0156271;0.0270936;0.0014722;0;0.0000767;0.0024947;0;0.0010746;0.0259658;0.0048084;0;0.0002887;0.0806018;0.0058026;0.0004442;0.0078256;0.0009019;0.8002107;0.00049;0.001714;0;0.0033932;0.0176039;0
13;0.0005443;0.0005587;0.0002054;0.0002401;0.0140663;0.0492028;0.00119;0.0004162;0.0003564;0.001861;0;0.0011951;0.0242449;0.0011415;0;0.0003514;0.0907769;0.0058767;0.0027566;0.0089942;0.0014562;0.7537991;0.0005476;0.008516;0.0019348;0.0017427;0.024559;0.0022552
13;0.000667;0.000648;0.0003117;0.0002048;0.0096515;0.1089423;0.000477;0.0008373;0.0005322;0.0022397;0;0.0033429;0.0265657;0.0018165;0.0005615;0.0018745;0.1692338;0.0048729;0.0044425;0.0121271;0.0077631;0.6134668;0.0011244;0.0025459;0.0027996;0.0058719;0.0135849;0.0016654
13;0.0005773;0.000752;0.0001824;0.0004729;0.0088599;0.0393415;0.0008085;0.0010831;0.0006122;0.00421;0.0014295;0.0015703;0.0251596;0.0013692;0.0008839;0.0004434;0.1431553;0.0029561;0.0050898;0.0050288;0.0020306;0.7342756;0.0016762;0.0021436;0.0023705;0.0035513;0.0096679;0
14;0.0024229;0.0462217;0;0.0154078;0;0.0111609;0.0017772;0.0049079;0.081858;0;0.0171563;0;0;0.0018288;0.0136931;0;0.0016722;0;0.597785;0;0;0.000908;0.0048948;0.0426782;0.0130884;0.1060637;0.002197;0.0056536
14;0.0031927;0.0343205;0.000545;0.0159676;0.0099806;0.0154661;0.0017816;0.0077573;0.0746152;0;0.0147132;0.0001945;0.0003048;0.0029368;0.0123379;0;0;0.0007995;0.5797159;0.0042747;0;0;0.0200412;0.0300365;0.0130409;0.0961501;0.007292;0.0076288
14;0.0049033;0.0329207;0.0024042;0.0146422;0.0752799;0.038758;0.0018508;0.0322745;0.0521104;0;0.0222265;0;0;0.0028428;0.0108377;0.0007467;0.003442;0.0014834;0.4849426;0.0041866;0.0017572;0;0.0043116;0.0262659;0.012106;0.0970058;0.0172927;0.0056254
14;0.0040533;0.034982;0.0013571;0.016726;0;0.020755;0.0017333;0.0329273;0.0670376;0;0.0262129;0;0.0008383;0.0022511;0.0148363;0;0.0050585;0.0014917;0.5617599;0.0042136;0;0.0064151;0.0207905;0.0142703;0.0137315;0.0877965;0.0095961;0.0053168
14;0.002878;0.0444529;0;0.0182456;0.0232252;0.0080877;0.0021591;0.0149797;0.0803874;0;0.0245052;0;0;0.0021547;0.0196211;0;0.0020264;0;0.5826338;0.0027656;0;0;0.0039828;0.0248484;0.0121498;0.0927648;0.0028448;0.0061776
14;0.0060442;0.0255414;0.0015168;0.0108491;0.0241999;0.0064341;0.0014956;0.0097133;0.0595847;0;0.0203353;0.0007601;0;0;0.0094867;0;0.004038;0;0.6528881;0;0;0.0066456;0.0277089;0.028504;0.0253456;0.0396022;0.0021021;0.01245
14;0.0044402;0.0240351;0.0012107;0.0135938;0.0013377;0.0051159;0.0012654;0.0035936;0.067022;0;0;0;0;0.001147;0.0073185;0;0.0010686;0;0.6844196;0;0;0;0.0148273;0.0258658;0.018005;0.0732901;0.000703;0.0098503
14;0.0030832;0.0314595;0.000916;0.0143818;0.0077608;0.022748;0.0027805;0.0109454;0.0723056;0;0.0496403;0;0;0.0025503;0.0222093;0;0.0022514;0.0008992;0.6377984;0.0043573;0.0012945;0;0.0074405;0.0197001;0.0121205;0.0365018;0.0038418;0.0074445
14;0.0059017;0.0004639;0.0255369;0.0001042;0.0081521;0.1820427;0.0002318;0.0052648;0.0001615;0.0002941;0;0.0124844;0.0133571;0.0013171;0.0010558;0.0131747;0.0411889;0.0061794;0.0043061;0.1677965;0.1179238;0.3291961;0.0010894;0.0057119;0.0014085;0.0040638;0.0487984;0.0004338
14;0.0019212;0.0103375;0.001581;0.0015812;0.0760726;0.5323135;0.0017469;0.0115431;0.0069179;0.0032948;0.0026453;0.0160931;0.0157317;0.0015172;0.0036631;0.0104063;0.1022127;0.0195071;0.0698741;0.0101165;0.0208624;0.0032485;0.0012544;0.0076788;0.0044589;0.0233581;0.0296935;0.0015185
14;0.007109;0.111508;0;0.0361059;0.0083514;0.0148828;0;0.01524;0.0601076;0;0.0333153;0.0015182;0;0;0.0793432;0;0.0067428;0;0.4672137;0;0;0.0047441;0.0085625;0.0447828;0.0281416;0.0211531;0.0083928;0.008581
14;0.0043119;0.0460955;0;0.017017;0.03301;0.0307527;0.0049909;0.0187411;0.0672282;0;0.0235213;0.0511514;0;0.0022746;0.0386173;0;0.0029554;0;0.5386297;0.0052061;0;0.0009312;0.0158562;0.0263874;0.0121603;0.0481925;0.0055493;0.0064202
15;0.0027246;0.0007981;0.0153289;0.0002081;0.0186063;0.1205181;0.0022643;0.001441;0.0001617;0.0007378;0;0.0066067;0.0185237;0.0036519;0;0.0059123;0.1200283;0.0076904;0.0038796;0.0644677;0.0312284;0.5234046;0.0012636;0.0024897;0.0012552;0.0030715;0.0406449;0.0007357
15;0.0041901;0.0003567;0.0158754;0.0000735;0.0087307;0.1133078;0.0005515;0.0011251;0.0001054;0.0001198;0;0.0087294;0.0115272;0.0008853;0;0.0102051;0.0454599;0.0062318;0.0029412;0.0998619;0.0651724;0.5683124;0.0006957;0.0013158;0.0003915;0.0022886;0.0301486;0.000276
15;0.0029208;0.0050038;0.0004955;0.0047163;0;0.0214577;0.0067502;0.00444;0.0760209;0;0.026851;0;0.0019098;0.002944;0.012146;0;0.008529;0;0.6580862;0.005395;0.0022986;0.0073973;0.017615;0.0405185;0;0.071925;0.0035382;0.0190411
15;0.0004488;0.0004768;0.000549;0;0.0027139;0.0514427;0.001206;0;0;0.0019207;0.0001949;0.0065497;0.0198949;0.0055503;0.0021711;0.0047033;0.0974676;0.008294;0.0039176;0.0680952;0.032625;0.5986768;0.001256;0.001572;0.0047453;0.003539;0.0814987;0.0004906
15;0.0016439;0.0015512;0.0027295;0.0002201;0.0191921;0.0811682;0.0015591;0;0;0.0008095;0;0.0084072;0.0197939;0.0076079;0;0.0052031;0.1502376;0.0185547;0.0021002;0.0404635;0.0302547;0.5079958;0.0010812;0.0043242;0.0033298;0.0007772;0.0879276;0.0015907
15;0.0036148;0.0004475;0.0238005;0;0.0101852;0.1302505;0.0002958;0;0.0001201;0;0;0.0089347;0.0105494;0.0009688;0;0.0108025;0.034791;0.0075826;0.0035206;0.122506;0.0881806;0.4846052;0.0007703;0.0019486;0.0005772;0.0037059;0.0503724;0.0004377
15;0.0013626;0.0010087;0.0059586;0.0001778;0.0077388;0.1408601;0.0009015;0.0025724;0.0001699;0.00067;0.000272;0.0133564;0.0206626;0.0014833;0.0014482;0.006454;0.0713586;0.0018135;0.0039734;0.0859497;0.0482378;0.5349615;0.0005905;0.0024639;0.0005404;0.0047377;0.0398126;0.0004635
15;0.003776;0.0006936;0.0169953;0.0000953;0.008163;0.1367394;0.0004701;0.0021604;0.0002369;0.0001959;0;0.0114792;0.0179477;0.0009522;0;0.0090338;0.0511603;0.0064216;0.0055758;0.1023203;0.0700307;0.5147846;0.0005667;0.0019249;0;0.0043278;0.032095;0.0003732
15;0.0018139;0.0007028;0.00678;0.0001658;0.0187311;0.1112174;0.0016941;0.0015433;0.0002077;0.0009542;0;0.0076211;0.0204509;0.0048437;0;0.0043244;0.0968997;0.0122323;0.004818;0.0546991;0.0317242;0.5283113;0.0008485;0.0037356;0.0327721;0.0046381;0.0460992;0.0004654
15;0.0019304;0.0005633;0.0075743;0.0000698;0.0147175;0.1064423;0.0010533;0;0.0000723;0.0004547;0;0.007914;0.0146965;0.0033572;0;0.0058209;0.0757974;0.0075096;0.0019483;0.0638138;0.0356914;0.584666;0.0009889;0.0031398;0.0007199;0.0029497;0.0568858;0
15;0.0020341;0.0007578;0.0051216;0.0002348;0.0122965;0.1329663;0.0011307;0.0037377;0.0002831;0.0015456;0;0.0206757;0.0276941;0.0039167;0;0.0092135;0.1393664;0.0115802;0.0083152;0.0877323;0.0724141;0.3540544;0.0020244;0.0105914;0.0028604;0.0010824;0.0850529;0.000995
15;0.001484;0.0013452;0.0031653;0.0002452;0.0391962;0.1251197;0.0062489;0.0013793;0.0002711;0.0023927;0;0.008738;0.0286683;0.0151381;0.0003356;0.0028489;0.11709;0.0204826;0.0054447;0.0543498;0.0179191;0.5001582;0.0006819;0.0029229;0.0009988;0.0068836;0.0331933;0.0004501
15;0.000777;0.0013327;0.0026718;0.0002159;0.0140745;0.1216828;0.0012334;0.0013332;0.0001406;0.0010563;0;0.0084613;0.0192184;0.0027632;0.000814;0.0044459;0.0824406;0.0078361;0.0026383;0.0508742;0.0331172;0.5949862;0.0004625;0.0019741;0.0009669;0.0044903;0.0374544;0.0005264
15;0.0028766;0.0004781;0.0120731;0.0001337;0.0099153;0.1460966;0.0005183;0.0030905;0.0001196;0.0001627;0;0.0099695;0.0125817;0.0012007;0.000164;0.0102961;0.0565482;0.0069776;0.0035093;0.1045405;0.0809435;0.4853611;0.0005407;0.0036403;0.0006266;0.0038512;0.0409548;0.0003387
15;0.0027453;0.0005062;0.0131359;0.0001477;0.010486;0.1236211;0.0004258;0;0.0001275;0.0001303;0;0.0092806;0.0136901;0.0014094;0;0.0095622;0.0651992;0.0072136;0.0042459;0.0934667;0.0826303;0.5091234;0.0004802;0.0039196;0.0010913;0.003463;0.0418116;0.0007139
15;0.0029533;0.0003415;0.0119491;0;0.0076827;0.1666584;0.0003934;0.0042093;0.0004133;0.0002115;0;0.0146638;0.0160959;0.0027064;0.001009;0.0167138;0.0613892;0.0086499;0.0096683;0.1830539;0.109246;0.3333527;0.0008522;0.0055211;0.0013687;0.0058236;0.0326043;0.0003497
15;0.0024721;0.0271268;0.0008944;0.0157886;0.0093407;0.0399032;0.0010127;0.0126622;0.0681055;0;0.0257128;0.0005756;0.0003955;0.0021408;0.0090936;0;0.0028767;0.0007393;0.6416947;0.0080824;0.0023719;0.0028151;0.0138267;0.0157313;0.0142744;0.0379827;0.0036547;0.0074225
