-1,05098224372917;-1,11383680278596;-2,01444450101731
5,6056550651843;5,49354935180468;6,87890194449054
5,36144936359857;5,32084493529845;6,66252130326618
-3,51735859194649;-3,34695118543982;-2,58627303060394
1,17787802263079;1,45688845718104;3,73419167038256
0,664961620554892;0,710446963907917;2,02437178767553
-4,17111472431774;-4,0067201936807;-5,93019847750203
-0,0351858128348641;0,0255860517929944;1,77875649404337
0,716763957297023;0,706638889613707;1,83566104759365
2,54598770023230;2,67291346895967;3,87436595581885
-0,557619157424758;-0,510415353211871;-2,62292299554342
-0,052839406740939;-0,110276161654486;-1,44507771010815
4,93213111689683;5,13544857892853;8,12445689419891
-0,795335524832637;-0,889384965913841;-0,282182425448282
-1,09476687040518;-1,39932803518041;1,59380703269856
-0,321497060225441;-0,314236391428075;1,70224157294557
2,63779163881083;2,55873233688179;3,78930242981348
7,62703307538763;7,76597629152792;9,90581636366652
-2,22132889328824;-2,31619049588146;-4,95037601405871
1,05731751212411;1,10542202577212;0,461107374606823
-1,45099306108116;-1,44186332551487;-0,50307261615774
-1,48243219834474;-1,32231119828556;-3,59469350504478
0,978245712904754;0,998196402349904;2,30578222137146
0,626803643823392;0,752595592927546;2,24953529676274
0,95482857641917;0,972599510031254;-1,60080041528666
3,47676641173173;3,63067137938608;4,29804551954744
-1,37328164067562;-1,35022840691622;-0,0165244842763714
4,37489210874435;4,44367691690109;3,98809246860891
-0,424297613370946;-0,358531330515722;-1,46591322528193
-3,72926548384328;-3,77871169054874;-6,95596939657553
1,05427280953008;1,01470129978877;1,70923720242396
-1,25561633337392;-1,30330967660105;0,640550392313457
3,45569351973501;3,31986188688820;5,11002336209998
-1,98411538096731;-1,95123695207113;-2,48695806406797
-3,62176477318439;-3,69181717090393;-4,30036286480115
1,66889971800944;1,41675419380534;1,70553059442904
4,00801994608689;4,06652442916824;4,93908544626314
3,35997693275358;3,55146360301817;8,38376927420143
1,16019056860498;1,35948405600404;1,24435228774759
-1,99672257034861;-2,08561523706224;-2,30223077591829
-1,26263082828661;-1,16299313506341;-2,56983432357673
-1,95627069765066;-1,80171765888879;-1,21043480553097
0,981829413682198;0,638294393439923;1,48603330141926
-1,31587726491593;-1,26085075740301;-1,59793518371224
-1,69496929046684;-1,70896843009377;-2,19338018462529
-2,74476800106545;-2,64239740122;-3,77641305141394
-2,96077504608624;-3,06012303707815;-2,25548857750981
3,13531608990731;3,10561684552828;5,20629052483892
3,2739512690496;3,2828955662812;3,33535627905247
-5,94692334209598;-5,93956819876324;-7,47154935570695
0,381029807682853;0,509685723160228;-0,468146657527885
0,555981578695549;0,572740198823948;0,76650376723769
2,35673282283087;2,10728875719326;0,00471084187761778
0,00664843466850129;-0,256628807512838;2,56271841794514
0,892540175856514;0,96932523705046;1,15391612373826
2,14596719001924;2,19217477058435;0,210246979208942
-2,84623273043163;-2,77692423858426;-2,27261690802857
-4,50469785633955;-4,42601538695015;-7,04140041698814
-1,19264271256026;-1,12430315813339;-1,17961454119045
2,45412736503723;2,21913400748558;1,3931245552793
-1,62521679260898;-1,80537442712394;0,152856269979174
1,39683097420594;1,28693128757498;3,00155509484344
2,17614815235337;1,94204425462898;1,28146201189136
3,03303497698576;3,059127066893;0,720028165306299
0,917724019692638;1,14565725485609;-1,52292478287854
-0,678381467232849;-0,482872675112135;-3,19350032567791
-3,66794847008413;-3,8209709873228;-4,21890066882650
4,42008456009034;4,37972749273283;6,30774546179091
-5,70726399977411;-5,89392539611884;-6,39089407275888
-2,34887661451182;-2,2429512622713;-4,3080293240585
-2,81506249882921;-3,00803282883220;-2,25507690151985
-0,458484932410598;-0,613833251766102;-0,0923296296366914
4,16920897253416;4,26147275397564;6,49236801970045
-0,543029740740141;-0,367083666101677;0,138921530674213
1,80820356219592;1,72097512725008;3,45886282147636
0,108396344617636;-0,0595444641598634;0,598013806481307
-0,412760459285679;-0,335232118091660;-2,45605513768655
-3,61361621083397;-3,33094944143624;-5,15746587916287
0,857284739065282;0,673410122908341;2,38620475123498
6,19463123175879;6,09245241913581;8,40631443301097
-7,40127429804583;-7,22713556305847;-9,92282896072305
-5,51593581792761;-5,57341069442497;-4,24769957201126
-0,280190405474976;-0,144014909119685;-2,69072503065928
-3,65510640383127;-3,61834685412479;-6,34598209091378
-6,05833280618703;-6,0285099258698;-5,91354025456472
1,69555055487822;1,74364208832910;4,71771305420271
2,00982171772101;2,04321171469248;2,20513096381248
-3,27714178189877;-3,48201811157177;-6,00817921517186
0,575144264985422;0,503898227606833;2,76978221427305
-0,120581154231240;-0,155620045820675;1,73099874700282
0,881419579253406;0,650208528450256;0,502551956246354
-2,25185747542533;-2,46816192111004;-4,10940732564362
-0,826909182886981;-0,717818076036683;-0,297359503504115
2,03965621655605;1,90881488699959;1,88525428673714
-3,12235882287467;-2,96851813824628;-4,9467386942889
2,04716099783599;1,95450693154754;0,5995012584905
-5,8553431884412;-5,96401438155912;-9,24696488184864
0,148045027562694;0,00901760157054659;-0,36072141565281
0,590962000221027;0,586111781783356;-1,17512069197988
1,95040588318301;1,98464632042175;2,96262932164712
-2,37712932396843;-2,54118191952977;-1,85566009842956
-5,86857682416083;-5,75461918834235;-8,72891449275242
-2,29365109543789;-2,36777566165448;-1,94314332085683
-0,451359116192756;-0,296570793321822;0,881484624914284
0,161446875780721;0,115973835653123;-1,52704358068611
-3,76742952774404;-3,55964671263774;-3,08634791176380
-0,027100177201248;-0,337370565598717;-1,48685012379507
-3,30692337392386;-3,42465615064175;-5,92912994916557
1,25277997930297;1,32801700965041;1,64490088577436
-2,75347144236576;-2,73516987258854;-1,44875388706099
-3,8211068339835;-3,82828307615333;-5,81077928560831
1,29931228027349;1,24097209134467;0,740959120568321
-1,15454549565933;-1,43397576651929;-1,27600756756315
-3,41894734699411;-3,65834455049511;-4,25714343873713
-0,176765564797077;-0,162906989655448;1,05761686697901
-0,968927249259352;-0,77078858681047;0,959721561954515
-0,646130335483188;-0,569100271984516;-1,63891884904706
2,3905112027927;2,33599128082573;2,35142782327408
1,54113431734217;1,76791606049290;1,64918839846707
-0,22443846387555;-0,193174737754038;-0,451374454631119
-0,343091575549348;-0,228346636398919;-1,41630470556229
-6,52957086743358;-6,38496515379138;-10,1940269874235
-0,607348922439754;-0,717756473874182;-1,71371404555944
-1,68718751300548;-1,63310938069373;-0,0410626424748115
1,86885657754828;1,71412257641949;0,686491081059123
-2,54933024260077;-2,49851790374193;-1,27588414368541
-3,41906441153118;-3,65054761975674;-7,74521440298767
-2,15679088472944;-2,14801251781495;-4,42397322622849
-1,45127980580904;-1,25189536062807;-1,27968732996874
0,432057063998560;0,295314526654268;-1,32720513134036
-5,40571035434741;-5,35393663459877;-5,26018020794146
-0,175332508386050;-0,371805483474023;2,58242833497292
0,335761581919377;0,363648316949819;-0,586987105428202
-0,241347630335920;-0,0134738418285432;-0,788299862020772
-0,869895068986321;-0,910787672432546;-1,75472269452796
-0,458158647420993;-0,485997915269442;-1,86018209856906
5,61195640738263;5,83090877287731;6,8739547488147
2,14691522451817;2,09939238042630;2,26418027484819
4,86105899772143;5,04211614789505;4,14282758517463
-0,781547405903937;-0,771286325390223;-4,30608138435842
-2,08789610525856;-2,23402510453689;-2,99580552795690
1,04466413479050;1,17465776576153;0,763877345075823
-0,8390861307804;-0,97586852410322;-2,78144888538891
1,55279713311344;1,52703958398935;3,04718564561058
1,97672149859964;2,05697698309449;4,78160724837465
-1,43176276169332;-1,47316429598526;-1,44566084866419
1,70853146964237;1,52425921578910;1,23657084017999
-1,87182028681813;-1,83149025275721;-3,96267916929796
3,99818871564704;4,28932601230411;6,64467780650593
2,41468726019223;2,1733697949807;4,61811835518131
5,09463033820229;5,03044782380868;4,96102337666325
-0,941962159920425;-1,03468242802935;-1,17384417192826
-1,13096129384664;-0,810134981211248;-1,29798518480297
2,71535997727235;2,39867709159328;3,44193438765053
-1,10335728594140;-1,12424249979543;-1,41987160710189
1,81919607613661;1,82388235710406;1,77258717591017
1,53083649428898;1,54126252200465;1,83108560888470
-2,3633703845622;-2,38388224554907;-7,02295937187081
2,60831963829204;2,62479970837166;4,04328639328073
-1,14782873905870;-1,33005442541092;-0,520058301882724
-0,43462342235468;-0,501068796664429;-1,25555743282331
-1,06183761638928;-0,901121587669914;-2,53058494857973
1,05595249912413;1,06259422342496;1,80870148733528
-0,262581523844850;-0,12358509006196;3,40856734352414
3,6252600740781;3,68428015846428;2,39358080193125
-1,33304269388706;-1,34026483236932;-3,806163765809
-4,34826184767783;-4,39408905182206;-4,58647512698801
-3,34872460588012;-3,21417000642399;-2,62015454038486
-1,65553378334609;-1,73221835430194;-2,77771971534743
2,90080526431129;2,77365434632286;1,27831769183113
3,76629194465864;3,65779529408692;7,15884709295544
2,33844439670541;2,36519773634867;4,91334093189302
0,318457717640992;0,310751477786322;4,67458871552601
-0,502784994778055;-0,522680480960232;-0,247758189190916
0,245220610824834;0,348018515318039;-0,651777568890006
2,18241231782919;2,12649489967009;2,72131976234012
-4,53723566079836;-4,60135826355435;-6,25550256011729
0,454885371513607;0,486928321798587;1,88285433830695
1,70696683835252;1,65132672518709;3,34680548315487
-1,10784559319932;-1,04469240902873;-1,67435413098139
2,01048210499135;2,04134574651734;3,88573120096811
0,501804325001935;0,65161481829748;1,88768859177715
-1,40754886431194;-1,18214047183570;-1,54933540814253
1,98203288672522;1,74739990757595;3,02815782395098
-0,214422133380876;-0,123230258684786;-1,77764127407486
-0,904988620990265;-1,00017900229726;-1,80081120909976
3,7382936872396;3,66388666568109;6,29918219989322
1,05166312226491;1,35811343824299;2,51336143111107
0,851331952663242;0,79933348625892;-0,516058886216622
-0,387600293853185;-0,368367595289501;-0,0178371717864571
1,33951705088268;1,41872081038693;2,95089703394461
1,08724538932642;1,12707943032687;1,48322236207239
-0,361360191325252;-0,345184581126663;0,531801502577071
2,17515757063077;2,05004329280563;1,59430984873427
-2,80493965774918;-2,91711374335407;-4,65865346041477
1,74139908582881;1,67010197330582;2,19430575718114
-1,35981377429949;-1,12997835466587;-1,82816054689947
4,93649958541176;4,71543516079657;4,87576418908142
-0,421258192594141;-0,401718993824096;-0,642392041545881
2,49882620609145;2,35984346438924;2,94039881811747
-0,764078888649523;-0,756296173848717;-1,84571756086476
-1,40140303586344;-1,28193461267451;-0,567361849727725
-2,74401501319859;-2,96213787123716;-3,17343342160124
3,45857978427236;3,29680034227921;3,50821259255206
1,25556769177289;1,07400009281662;2,08568133547370
-0,167675740241573;-0,296733315093915;-1,29099647887243
1,40887433466406;1,41970377579158;3,74976498507299
-0,517483098077898;-0,493187870307116;0,627122631391506
-0,765882749342614;-0,791938950267029;-2,50853607853534
2,98682761578225;3,05073559755257;3,98326060778747
2,38696807952368;2,23247168557010;4,43330166087760
-1,89204120906218;-1,67634933106335;-5,78460169006831
0,661310984828566;0,633765869387585;1,52308711658069
1,36407441848239;1,33115533648841;2,45981820623889
2,88715482966497;3,16015105291739;2,33301009989134
-2,79880981483896;-2,58669924189765;-5,31905882068514
2,14378329720240;2,23444906289016;3,53578316628013
0,920744184981877;0,9387757388168;3,3784213470674
1,06082410648938;1,29279738220023;-0,739830648955262
-3,57752754107779;-3,42443951324610;-6,3121958617447
0,981147443609565;1,06500034500656;2,76148803617264
-0,674029223841033;-0,648887579046949;-3,37817474592753
0,533730708023958;0,607146886620688;6,1122043190996
-0,463287540644057;-0,380203618330622;-1,91349212621998
2,70004715833151;2,76289907319294;3,04106710090957
-2,41386770837999;-2,14018334495738;-4,32982218736139
2,55865333704204;2,47587583395962;3,61935920362599
-0,441606724566239;-0,372417310929950;-1,80872183321686
-0,400913483951886;-0,418805474949308;-2,04181988147884
1,28246508304834;1,17030258578136;2,86212777667910
-1,03674158413903;-1,06419776147995;-2,31483670384714
-0,822008707722845;-0,633042690751452;-4,04310930290055
3,37926714112062;3,48588587022373;4,97122328436328
-1,43308299777245;-1,37463737585678;0,75380382079139
-4,56342411478902;-4,48648331263405;-3,57494058443848
2,67747203662785;2,56819629991099;1,90276955838372
-1,38384471973675;-1,55665831994992;1,25366582224871
-2,91816504070978;-2,88573151198903;-4,725577898936
-1,14450967421340;-0,985677302273064;-1,79990132181129
-1,04146454468583;-1,16606600317839;-3,71695149455209
0,85841555290732;0,910479499923988;1,82378568707624
-2,95439164384884;-2,79360390156513;-3,51338389956085
-2,39170260719178;-2,31556789860931;-4,70491382930576
1,26889515367876;1,17473106555017;1,5732694902183
0,42968038180868;0,63958772655103;0,899320177469486
1,19226513773390;1,31163540804458;0,533470394380959
-2,35269466377783;-2,44975158239547;-2,10402280897724
-0,240247609024924;-0,287490154065414;-0,0465232215348908
4,17149959769496;4,30447707757598;3,11642117505442
3,62654233823125;3,71969322540877;3,24406744620527
-3,74137911677546;-3,94988304429256;-6,99168608162663
-0,804968999426307;-0,627863489106536;-1,63953402103538
-1,08835749262769;-1,00500550253936;-2,28253923075929
2,13798128715411;1,92307447894118;2,27115349236587
0,996139916208603;1,07157750313818;1,11677352061798
3,02093403326642;2,98243783123643;4,63844649660277
3,51958538789952;3,54048652073939;3,5349083031468
-0,247162008123623;-0,51048665701277;-0,110261662808236
-4,15587186494004;-4,37149077103461;-7,00882881536174
4,98721867700309;5,11042292742726;7,16486678850499
1,73330814482024;1,62668833399849;1,53835177100328
-0,492491233208809;-0,448048370835211;1,62691235264977
3,18023855868885;3,27205080565003;5,0950603901133
0,158010612203061;0,362680181764115;1,46877421009523
3,96104618629712;3,98466946678534;5,09622263503775
-2,62191567330967;-2,33465083171215;-3,76625261975157
-1,74291248886545;-1,89144081108156;-3,58028927021978
0,348524715826877;0,266364717516470;-1,15526029057895
-1,67094332424358;-1,46173162213429;-2,63959535082244
1,69152414141926;1,60436467820257;3,93316350530369
-2,41663374950561;-2,43460117526567;-3,88680475240225
-3,58679472667759;-3,7583223540088;-6,1442654768156
9,04460445416328;8,86579789337777;12,6349779159216
1,43906223524439;1,52030776885369;2,15530265311285
2,94393461345141;3,07577323931189;3,14995898454379
1,24235881541156;1,21227313671252;2,82734085769436
2,63389332325975;2,80883491559627;3,89730582068374
2,37189706920997;2,24442519284143;5,34712989958848
3,49315957082489;3,53581834787567;4,74334617846831
1,77187932924313;1,80394724904808;2,52174870083269
-1,42712208936472;-1,55065777940985;-2,00846178827408
-2,15788210160096;-2,16884578219528;-4,73282575830991
-1,83141722947943;-1,83340550641130;-0,356591662551268
-3,73479210249854;-3,75550353383209;-3,22976511280270
-1,42219423137857;-1,64962285299915;-0,306816503239037
-0,360226219806899;-0,277989880842540;1,07890876308314
-2,22922476029137;-2,35425787129476;-3,03571992105958
-3,78021623083556;-3,88868179616712;-4,14985120242048
-0,430160090211229;-0,428436928524944;-2,36132180703738
-3,18958447112056;-3,38241867561097;-5,45709345522413
-1,17041925746821;-1,14514496225457;-2,74005029426562
3,73708383223226;3,87885377688485;2,55422943399454
-0,873361942931205;-0,819193743438011;-1,87392466293700
5,73713003031022;5,8900147845114;7,89628438055674
-1,39035301958637;-1,30703456158477;-2,0011445583808
4,81637943732985;4,83019648502961;5,06171704176253
0,638202708015166;0,650728473460476;-0,222015034701514
2,13033062626922;2,21925762734228;2,03726697409236
-0,6811618668588;-0,571707013316067;-0,315305340903452
-1,30765130214309;-1,32295007103463;-3,18166699689656
-2,61330092404076;-2,68909283938369;-3,05669319646961
-2,22774855449629;-2,43508205386010;-3,34590307961959
-3,67974427977727;-3,50986964637389;-2,91416601600538
3,24356136702598;3,17530193035340;4,01308627417374
-1,32721054443100;-1,30671180851605;-0,799631100625885
0,722990717154708;0,992366460330947;2,23061552662674
-2,17849203920486;-2,04448090033393;-2,06201864340905
-1,9923381118317;-2,13404515195134;-2,68298711780816
-0,514330547638199;-0,575764971140086;-0,621435953773382
4,13277332113224;4,17870046889695;3,08485839328197
-0,985235055802688;-1,08558198631669;-2,22724309560119
-4,20305048239747;-4,31125452395866;-6,50989702004116
3,12867591561806;3,15323619385420;1,44861774678763
-1,63836540195158;-1,81665163313337;-0,0380772108860033
-4,1320568139426;-4,05346847367152;-4,54160516651557
-2,1649414579234;-2,08582724228162;-2,26461021505030
0,107863250243299;0,117070326287979;-1,72101082155754
-6,40038488818716;-6,42953550060916;-6,84290566758841
1,80203107089226;1,77180896620889;1,22806298276636
-0,968570527139655;-1,11669792926889;0,790934734501154
3,03810849160762;2,93821467799443;1,7858526474139
6,2714666235391;6,41654547955341;10,0894313473527
1,52584981110578;1,56233291226580;3,94564099516802
-5,78871051695133;-5,88158233983463;-6,29590294437769
-0,296751747752449;-0,347996769718893;2,79706999327402
-1,94410593519907;-2,07956590058067;-3,11128252492247
1,59527344682633;1,75021839636548;2,85788293318589
-1,43121845938743;-1,24041794666139;-1,62628120674909
-0,439631201447829;-0,25113379233086;0,898562680765038
-0,443614435615757;-0,298122515446098;-0,0333714698019617
1,76209549758128;1,60430153382334;4,20967292859844
-5,47670687968677;-5,40860970550224;-8,54492263363674
4,44658999075763;4,41802787836612;6,80834387785153
-1,38209534445963;-1,19373357940016;-0,430503131616915
-4,32924933307109;-4,38548734245063;-8,08560153889735
1,40194092456303;1,36109049580493;1,2543754364198
-0,518436476916087;-0,523033366695884;-0,634165954879884
0,0278116939476376;-0,0436775847065795;5,38510651139581
0,509607688695184;0,24983087801815;1,11588102169365
2,38602278186702;2,1724761096157;1,86879206054569
3,15560290669254;2,86017979932253;4,96895046938453
0,0388434214108784;-0,129260055106238;-1,22805807238453
-1,59459228838191;-1,57929033928761;-2,13077982279509
-0,732553579129249;-0,863507602991586;1,20557399548876
-2,15894416304825;-2,05627809765234;-2,99147582124633
-1,99025253734215;-2,12829059513448;-3,52061970604279
4,20012991506033;4,07524490315738;3,15053356255103
0,5704778241341;0,442455047499561;0,832421912379114
-1,18168110279102;-1,13002086168599;-3,44498788595306
-0,746899292156558;-0,828792524536852;-0,540297447426412
0,274373627468962;0,392787430585658;-1,79442320481732
1,40271570987693;1,29922639501855;1,43987009615438
-3,59099133856738;-3,74361220269898;-4,08309862353991
2,71535509865877;2,71626827759592;7,5046930404338
-1,87512119131519;-2,08324901276745;-1,94442455226087
-1,42825063474716;-1,70484112115326;0,363140156834877
2,64506875779839;2,81418773218291;6,51598518222737
-1,58420102865617;-1,30842437886561;-2,97219493718659
0,47736919132419;0,374067134049765;2,49680143593204
-0,0432877085867445;0,0470317854280732;0,856048314389055
-2,13939051905943;-1,82464778874328;-1,69244504118796
1,33520568137086;1,42818789534245;1,08522401820806
-2,89798287374946;-2,83574298295956;-4,88659750798088
-1,03324838266633;-1,04336874099501;-2,88219350122427
0,336708026407184;0,364398286813532;1,47010196297752
1,51195396728353;1,74726127553573;2,5386154318698
-0,75359572073855;-0,840535995677442;0,754637544296183
-1,19667043195909;-0,89153269335586;-1,53524593911686
1,59226068347937;1,42805859659970;1,35333469673934
1,25858317683381;1,55916709267967;1,93741800531862
-3,04554083404403;-3,21672598799809;-1,72994830385966
-4,63612826865949;-4,60212621691072;-6,6521100798012
-2,53927074532213;-2,70561969555009;-4,29135426333972
-0,148779446381792;-0,171439078986938;0,65473820590707
0,307177216558045;0,434007326022102;-0,418481208170629
2,07107578720418;1,91547154137933;1,97326474303029
1,94953766743704;1,64016880254675;3,05571750780897
3,55599082235293;3,46634688877329;2,74314949230992
-1,09856429553199;-0,9560864651148;-0,710535122460917
-1,47928041352772;-1,57600380377074;-0,0691739348143037
0,741686678275401;0,550210962399511;0,560150918497746
0,640791988196987;0,526863184721788;0,222974581987759
1,02758298220883;0,993617393639736;1,19325370873916
2,46311886353585;2,58312535830288;3,01673917338694
0,78079380733391;0,766880471200018;1,16542989124019
-0,98793290324627;-1,00342243394595;-0,832037560845148
-3,85689872033283;-3,67342349380415;-5,81825968344557
0,492096505713068;0,475614724449237;2,00027836235921
0,549653527071995;0,527182083420725;1,84493934666493
-2,06288901921622;-2,22163755398724;-1,92485628843754
2,39309175175273;2,30061841521663;2,52741100797193
-0,776364514377082;-0,664140909918004;-0,717240789851732
6,4076898949163;6,41912711033727;9,51464509092268
1,58730178512062;1,44854420530898;-0,619471046155727
1,97255725458974;1,89877480507161;1,71974604686651
4,8014979305142;4,55401088536905;5,7836958264805
1,19742558310588;1,05669032723298;-0,307250677428753
-3,78188048610633;-3,87375816788094;-6,07391882725302
-0,366860467367870;-0,547692172300153;0,296938534214659
0,767870474844635;0,627367158544676;-0,568009266824961
0,210208418092126;0,118591381022438;1,14039430936369
-1,40659067198253;-1,40592565903999;-2,56547829254633
-2,48581523534177;-2,58223452350589;-4,25974688020142
1,14984992139027;1,2028446605721;3,45215425997940
1,32022946211544;1,2186391683486;1,75614964600822
1,86222493248467;1,8735292157086;1,96078644355364
-0,67086263595789;-0,652289576196987;-1,64456786862521
1,92485825933430;1,9871758408665;4,09727436089659
2,23306126683387;2,45827402959682;-1,88236015744706
2,57880767814192;2,52934311601557;4,60265859974864
-0,442623692852217;-0,293010366737934;1,08875219158913
1,45268097027749;1,43965670873322;2,17660123405462
2,95384237500704;2,9589512895123;3,25130071395337
-2,73431964259985;-2,63445085901241;-1,42598772467591
0,418385023136644;0,505143217733316;1,07367169040530
2,8716586797166;2,88545641461976;4,84475988351888
2,04163670137270;1,97764678415280;2,30321990861527
2,98659113792169;3,06843917424147;4,30171601150903
-2,20393028642588;-1,98947991626112;-2,99380848282862
-4,89204624347657;-4,76389507506283;-5,96353934343673
-1,79685485212540;-2,01992034298642;-0,0845883164840937
4,96260696701719;4,76351360474329;5,68575253531296
-3,06803388139326;-3,19702915171720;-4,34283632100717
0,146019067624929;0,381857310836181;0,166169640607814
0,800026602737003;0,894780564122062;0,396699478075371
2,89584563621202;2,90115699811578;2,02601814696010
-4,24200453789522;-4,42113551271744;-5,98209623092336
0,172521634740932;0,166068529350611;-2,06587163747863
0,819679482729825;0,670529891429883;0,111055777715104
1,55827394035749;1,68136839037684;3,23467337358843
-2,31109911485705;-2,30812569492563;-1,92877843317367
1,678469673282;1,46642907391518;0,974216734231706
1,05808677279360;1,11738196163643;4,03623561450182
-1,74826056579987;-1,53677401294288;-2,20925258820658
3,44961978473262;3,42612045585547;4,80563781287851
2,49695077512693;2,47975950267718;3,08826693101999
0,0922905249842482;0,193391539190599;3,36493894004353
1,88802578384604;1,75499843426045;3,86267197392855
2,10519873957315;2,11256432090513;1,99363847953531
-0,992836239345287;-1,32467608089310;-5,95410908934878
3,35645902309324;3,25275881750568;3,79521495167623
-2,2072433700964;-2,26973644257203;-5,23061716688389
1,38158813698555;1,17430330860459;1,36721309272454
1,47144244522589;1,5924345943859;0,839021085140963
-1,40741853454210;-1,12090275841612;0,629703761972908
-1,6809142740201;-1,3371257336173;-3,92960033346503
-1,86873831091960;-1,95974932431106;-4,61799624094063
-1,38918451250211;-1,33773508666722;-0,727692501789396
-0,713483809908094;-0,832742607478386;-1,26228477560528
2,86335131635583;3,01767586714624;3,77769966285452
1,45502464729992;1,34874983635759;1,64832481086000
6,99390353344883;7,17828140710502;5,49227399144876
-1,33621442338501;-1,28084600263152;-1,27295154021442
0,493206652384919;0,674106008943937;-0,522971912574937
1,02256681308542;1,10999588726570;-0,240824678522485
3,69858384932306;3,70009060131904;5,89217319476725
1,73120614738268;1,55704238221473;0,109193201127958
-0,929374895862318;-1,14450869410615;-0,851347550211945
3,23639227760471;3,37738752786313;3,12567597757441
0,59982593308119;0,559100265326706;1,98450228991581
-0,881686194744716;-0,79025031692104;-1,81184595822584
0,596887891128713;0,60620541911324;-0,529975466027367
2,42911961904356;2,46495434134886;3,86296059758007
0,20812760177012;0,141312627782505;-0,832039331468285
-2,62231319184084;-2,52086344127489;-2,60847314431558
-1,96576524689137;-1,90941228698933;-4,37873563568727
0,945041653166697;0,886764126971396;1,68761506386324
-6,81486431546121;-6,75905762598435;-6,2150267585306
8,2613740316972;8,04883357902112;13,4064280409057
1,04780531546879;0,917750727271224;2,66792843306676
1,04346606702203;1,28858284390953;1,75798137935945
-1,01676901893409;-1,08178760959176;-0,268776465924877
-5,06026242439744;-5,32237690733652;-9,55916411081558
3,17678044068654;2,77479068925735;3,09006771160286
-2,59713421389838;-2,77064253774135;-2,69948540017099
4,27037508037422;4,31429733883437;5,035999470684
-0,731120531247435;-0,732061012888118;-1,62259709903714
2,16407572064512;2,09728602123963;1,90412941272288
2,87133114350913;2,74802589886338;3,05316400046664
1,95650478950963;1,90055167743429;3,3416041426951
-0,43577149427376;-0,531756624813844;0,00357558645567396
-3,59933682507051;-3,50337579586572;-5,49472377188322
2,82537459017379;2,54394568742749;3,59825527342671
1,61368604529798;1,74109490770971;0,84988296787475
-4,90260657614811;-4,67204472984817;-4,40614395187604
2,87206119107945;2,60340326431953;2,97888084459807
0,902551206075032;0,901073988287669;3,75552409406538
-2,59215204297025;-2,30493946461602;-2,65998580940381
-0,849702825442008;-0,849462936034434;-2,07016597691091
0,798256300251577;0,879231965046651;0,93898929803063
3,31998317402327;3,31273768716442;4,96285048310376
-0,624215375472544;-0,62394371542846;-3,69061387991382
-3,31069355117830;-3,25078914679158;-3,10119545435432
4,10485424088956;4,31957927907588;7,43365700562541
-0,999955314123632;-0,928680310555336;-3,01266951068824
2,62753906062927;2,37943326481978;4,21535898405379
-2,55924293040563;-2,66892957836543;-2,79549751537381
4,01768193967109;4,13575793487243;3,73929649454044
-0,877483310808236;-0,9206940189048;-2,22982668257017
3,1468414352558;2,93586176857117;3,09652215491069
4,13821152765642;4,05767043140581;5,6060441796271
-0,150664176766854;-0,308699270504553;-0,16008231768468
-1,73450925167308;-1,67845502178531;-3,04100249693017
-1,39507026488576;-1,56641588249441;-2,71066853456480
-0,433062690596319;-0,349474194767342;-0,853778619527635
1,27794588656702;1,03662627147311;-1,15701239004449
-0,607798555106442;-0,720822421388545;-2,33263881075557
0,205697297933564;0,153619316510138;-0,198006389986084
-3,40552102983304;-3,55409229077811;-4,53698991934447
-0,861425044273635;-0,567177023287173;0,95940354473826
2,18067767052669;2,21320515997177;1,76727588509663
2,40583270729596;2,45094753354089;1,56362279511476
1,10455429492247;1,10889412626389;-1,16114788234166
-2,32961331255707;-2,56131571107858;-4,77759929142236
-0,499416957883745;-0,404080607669103;-1,93860870222201
-1,33506198677809;-1,48122181351425;-1,71259410094410
-6,00391879955057;-5,99963035780099;-9,4437214021883
2,0469719972335;2,15793130776060;2,2721235272566
-0,942979298981545;-1,11643507748854;-1,36735775084631
0,627014180254887;0,748334093302356;0,505893155148697
-2,16905356528278;-2,25495556824221;-3,30699408854201
2,48296921814819;2,39148734223443;2,98741934032776
4,16696560604451;4,25214422842908;4,58064467788232
-2,90151472326009;-2,93566908644911;-1,64804580176261
1,43106483368327;1,29855360852181;0,458689398026993
-4,39553761523495;-4,43439443949983;-4,24243395352814
-5,23492043446116;-5,1582463986737;-5,81757237974527
-1,42499918432937;-1,53752734018757;1,25981952611872
0,105725203129238;-0,0387205050049528;-1,25626195154057
-0,115922376028077;-0,286443939426409;-3,12114734943883
-1,10733734274392;-1,01315088959109;0,295993848266854
-3,09504979507066;-3,19247956245265;-5,10329928959188
2,22325602034211;2,17873574672255;3,67604099073758
-1,94531932300449;-1,85616784533078;-3,53133899634322
-1,65462400139601;-1,89637893900683;-2,76932278343624
-2,32004797662651;-2,42915911269106;-1,48582524231125
3,20795050593132;3,30455207480093;4,06530954616332
-1,52246852348731;-1,38424006400806;-2,68453984976599
-1,72528998346450;-2,13010764426045;-1,77251471340991
0,91525131823235;1,14199789254427;2,12544400845688
-0,822715928857803;-0,63621355695951;-0,884605134038778
2,42827940034247;2,42953100616273;2,53061685963646
3,86833493025131;3,63380246641724;4,4847286297568
-0,187276365043169;-0,389414959944330;2,10208663701338
1,68089447628481;1,65100175531602;1,32462138379103
-0,602697699027909;-0,603217633922004;-2,29730010088799
-0,802753222839328;-0,863085380007134;1,48246671636937
5,77727994483879;5,62256172820572;6,81383231308595
-3,60633172617388;-3,83325592435314;-3,49047818876194
-1,68920530558694;-1,67481673401614;-4,50270776518757
1,66041319990036;1,38637610844223;2,92687826792701
0,353908257862857;0,590416566156864;1,51501400833713
-0,821308246766288;-0,884576137901333;0,172716981485829
-2,31253443882830;-2,48960661776249;-2,99652616303648
-4,14430270133495;-4,03657223478168;-4,79931807945596
1,70707177159558;1,77567539522962;3,17028495943928
4,53160486930711;4,73869892163576;5,49525568881878
-0,797430137088117;-0,79837519093252;-1,93789408948250
0,499520680100502;0,575715776257904;2,05138139550089
-1,17716678135493;-1,140605002081;-2,47534987876009
-3,06576182021653;-3,13165141671785;-3,57898408134092
1,07449620907832;0,853200482607345;0,730640334990492
-0,437797744111514;-0,474912262459649;-1,94777763285375
-1,26289229081993;-1,02608513910779;-2,65669893914632
1,36198093377493;1,52407785259729;2,78782555534384
-0,268073973975572;-0,189094167546809;-0,843668938449065
-0,303882364994008;-0,121041525344572;-1,23594551105942
-1,98407880512072;-1,97249868366500;-1,80025997790490
-2,47746002966200;-2,45959507790209;-2,90116480210505
-5,93988212102272;-6,09019181223606;-8,49956012021389
2,90087716915166;2,88078041697728;4,71255784619392
-0,0603287037446316;-0,0615107414234859;-1,60180413024558
-2,47280248747089;-2,45582819715855;-3,47255234078274
0,326554417930223;0,409258086440281;-0,504448119358778
1,39901869475674;1,51512553119351;3,15952727992103
-1,70435776465159;-1,96256134575823;-4,15800279346087
1,49711517609093;1,49601913208855;6,04653742808294
-2,89553545686488;-2,74805306418635;-5,22365390897339
1,04116125586612;1,11404571327796;2,08014817031878
-3,06415542549425;-2,8099220885285;-2,94991366887806
-2,44994250746698;-2,33711208717939;-5,67585200966171
4,860857443525;4,7850643015375;6,45766199363444
4,84531029900043;4,7010658541516;6,58361123528963
1,15086308915076;0,697081029422436;1,45926928048627
2,96595311058395;2,58871962384359;6,46244272576218
1,32603670520598;1,22881333113598;1,87367675631197
4,97500147787505;5,10124741878766;5,7517530630516
2,9443417404928;2,79037768235893;6,4422015475853
5,87380285846129;6,0074416880497;7,43036608093647
1,82125396121287;1,834954755453;1,68536640819108
-3,70722515305057;-3,86991955378767;-7,52655801277183
0,785352894979494;0,732614026519393;-0,958114136792995
-4,49141486367602;-4,39251121474605;-3,25099868426613
0,587391332871375;0,371460766569170;0,556887522834093
4,98262231345275;4,88208747248076;7,32191468641806
0,161643561711373;0,385666931784257;-1,46654163080277
0,554215981354853;0,586436756182468;-0,483872207323305
2,27064405025736;2,04625172354956;3,05654955784329
-0,611243419942911;-0,549125747809351;-1,43491540002738
0,283443816930341;0,365171907073178;0,916795681014387
-4,14682992166216;-4,13915707558285;-5,50759439436831
0,646494485311537;0,614015947291914;-0,991830641277417
-4,34693877493351;-4,29109316981644;-4,85798818150267
0,228015231099143;0,224841367759911;-1,44461257766732
5,31234371262007;5,3621911751709;5,60026889854684
-0,552696936570733;-0,380348418839666;-0,444730048951991
1,92839806447887;1,89115460713886;2,54722297520951
1,64161725700876;1,51891637600168;1,58465428136847
1,37164929754904;1,40096232362941;2,31366739329719
0,745863036777048;0,812832896271438;1,65219428877164
2,5966378026928;2,45197146875725;2,74472446043905
0,00379089077046956;-0,0163058424930473;1,79188271587419
-2,78484462009454;-2,80475235961209;-3,45641247621866
3,65308860700649;3,85673291211884;6,11792048828269
4,53791577918437;4,71247902431491;5,24595382801767
-2,21810447876564;-2,31855289232572;-1,76773224561894
-3,10905263864796;-3,21532809105864;-3,92236944098668
-3,05960133394157;-2,99768059837176;-1,90734703892470
1,41964795614629;1,21021490196463;2,44758138289944
2,36872007633854;2,37926572974833;1,43674347909039
1,80945193585824;1,73652842185730;0,878257071476475
-1,04006899389963;-1,08269269605104;-4,22953321770144
2,00534427924111;1,67379173363003;3,68687849013748
-2,16914353849484;-2,03509422644992;-3,88948373788256
-0,544937210219085;-0,401823208064635;1,06031624982830
0,284671902183632;0,351678613619704;3,23324191007276
1,93830084830568;2,01171517212359;2,10482017105804
-1,11712459536676;-1,00162237601897;-1,47114873903013
2,01280276681901;2,02158395826505;1,64551833138280
6,78077021571166;6,74431159938023;6,95980514072396
1,54452398946851;1,56055431112877;5,22020828507968
-2,37417214435744;-2,33900905537914;-1,46854685483833
-0,733121160360505;-0,677539386853592;1,06608808698680
-0,193706212382019;-0,266952216191769;-0,661745065142734
-2,05760428342601;-2,02227179033708;-1,53948705569594
-0,134182034049937;-0,0552335633411081;2,07186380846201
-0,785982972206678;-0,674214832751264;-0,203016736301723
0,767467787622379;0,666852929319504;2,50634677070825
3,87363411644842;3,91560423582895;9,52395274995335
-2,40292158722623;-2,27327591937215;-2,6110660493358
-1,97515751665145;-2,27072472394057;-1,94220964681404
0,82342589881045;0,821933104123818;0,585077435778445
1,65420002979728;1,69086516994331;0,154981543194214
4,80562445328274;5,03628271353896;7,85067926951199
-0,844166818461832;-0,691766195588213;0,0701191834020163
-0,118739878785596;0,0803747107070994;1,95930546573279
-3,33373434147299;-3,21264616224163;-3,5913148112206
-2,89274290652578;-2,92969927975569;-2,80921149923067
-3,30620940905753;-3,49596870350622;-1,71666303837582
5,87526163553429;5,90071561901072;6,46300404237742
0,392543451862149;0,381410843219748;1,37796850356979
-3,23026208107942;-3,26085943321153;-3,07118041482734
-3,50411646485983;-3,43283465178729;-5,09016252082938
-0,328319863215687;-0,247509761956077;0,609335010335828
-1,75552201437470;-1,71484889552420;-2,73018430367984
1,00661199795946;0,928504796629977;1,87089114364196
0,183006303715574;0,195035623580808;-0,350578452484749
1,15916393618644;1,25832585868132;0,449067349079781
2,62466926539259;2,56197632605295;3,87385223491966
2,46518396967140;2,40586609280893;5,00583724525475
-0,736958885160709;-0,953632373648097;1,07848894054562
-0,125404407817088;0,0183730404496446;0,474507541810946
-3,08442362307423;-3,25301718006193;-2,65744575362592
-2,23866113810427;-2,30582303069123;-2,19090659967915
2,86310126948092;3,03435615655312;-0,0405351331658751
-3,49486612824126;-3,40484090949918;-5,99085026639242
1,94218250019198;1,85401951236060;3,36590614615014
-1,40568819626364;-1,26968517663815;0,0377772129502409
-2,78443745537141;-2,71703939377429;-1,03092608661838
-4,83699326082738;-4,79272145593254;-5,60340359573852
3,34197827307521;3,42675905079904;2,43051687250294
-5,19006009696955;-5,22509214919245;-7,70723634304763
-1,48824084507674;-1,3884073074746;0,284618965587746
4,34941849367834;4,06178347613932;6,28372293555865
5,4378756739085;5,63381605983947;5,34834018501111
-0,555471581253052;-0,529922313213288;-2,64379074085486
-1,98282723914373;-2,29065685087199;-1,78705414500402
0,116853156361578;-0,00293606348077285;0,662433684718315
-2,72636130522760;-2,88578546178921;-2,09294273651697
-0,781346960351365;-0,863504388046676;-0,0524901584900885
1,04485083247937;0,939950245573546;0,0463852353798282
-0,276168262275114;-0,449314399818642;0,317784351577257
0,341568907233353;0,442723314700379;1,37811095105641
2,88366962370915;2,80147522005598;4,71131554385453
-0,558651545729798;-0,41596365225223;-0,486392719418877
-2,32671613710349;-2,13413135713584;-2,81335811318388
-1,55867190875043;-1,73679005434794;-0,280164598201525
0,458889194274319;0,475152873945725;0,837945165049015
-2,07744547351588;-2,03879680786494;-2,17989292891141
-0,475453056964374;-0,463221973880947;1,46936959429221
-0,940122913728737;-0,858797224890468;-0,993235253484455
1,42971109028947;1,40725269993656;0,544665856055412
1,66982592440424;1,53146373284366;4,24591643409801
1,84136833010088;1,58715849048459;1,02554576816632
-1,06457593402280;-1,19096816788998;-2,25980223061736
-1,49018368128848;-1,20584638420889;-3,06147951648556
0,217262371475970;0,284448218232183;-0,218680349826115
-0,559674518893749;-0,547513049291686;-3,07927125223709
2,82868455728485;2,31608120225505;4,46315973187965
-0,187195103690405;-0,0595045965371231;-0,35443037821355
3,12998388313533;3,0380023639612;2,96306306093881
-2,78158629536635;-2,48607781874894;-5,08977240442553
-2,96248464023917;-3,06694585959342;-5,8672832146885
-4,73355728446693;-4,95259174610426;-5,8270727858056
1,53379489631443;1,3715291187551;3,40561338674301
5,01553333852215;4,79840215945785;4,60082287123162
1,81680662101755;1,62828729763647;0,210095907654619
-2,92244234336262;-2,75133126504782;-3,96682866936180
0,521133436741013;0,515797364598501;0,821321894951134
1,92788205249901;1,96164062708924;1,48102362339685
-1,13651868871905;-1,16872542515501;-0,742479508904545
2,52246718977315;2,71495712919999;3,13010138392350
-4,54674841936311;-4,32470849128113;-5,37883874757293
0,567810452172335;0,791324794558108;0,357212651576933
-3,14843175100834;-3,16210770158042;-2,34849548349408
-1,92619467768994;-1,86378758463468;-1,13347465411787
2,61776173966066;2,51608217709951;5,02817040756704
0,727586982905023;0,732962001004024;1,25052684014974
-0,863318122832806;-0,857034235084733;-0,336098651757615
0,295057708788807;0,167174791293174;1,73152644229733
-1,13728707454087;-1,20244356816518;-1,75350884238560
-2,06728535633376;-2,13131040626956;-2,62472981974072
-0,421648815568502;-0,129443293997871;2,12029403429340
1,92239952461800;1,85659272934017;4,24764680028056
1,69080191855266;1,71263107734655;1,70324846221409
3,56932585878548;3,71379026111637;5,17234616425278
2,41953610019541;2,59313766872019;3,00709236067303
-3,67817078302794;-3,78599677249716;-3,32265582101151
-1,04848170753223;-1,41153451802442;-2,73423128893854
3,61989378700509;3,64824143643686;5,12816125809978
0,0509655367256413;0,0204734336803661;1,71534020908433
-2,11977506000825;-2,18003195592381;-2,24933389350852
2,57744547538725;2,48486704942827;0,0879143177787591
3,05941469711412;2,84491866868358;4,48107970617599
4,58607345313088;4,84952047805404;5,82876980284234
-3,45919907583763;-3,35664240876556;-2,60261092311200
-2,24506560206781;-2,222633491403;-3,53769128347489
5,04406448846046;4,96251648793983;7,35637289424409
-1,41548367342708;-1,25822154496051;-0,264466845681109
0,714175576565959;0,62847672371427;1,48905240348100
-4,02748519890277;-4,18843164100037;-5,21556042892019
-2,11801970773549;-1,90463392952519;-2,80857833587616
1,63820934575863;1,24579768965892;0,195151011503110
0,465041397527297;0,516401245503492;-0,603674172662695
-3,15260950950452;-3,32753634209059;-4,01207733938625
2,56515065814815;2,58874669522298;2,31377638447978
-2,00823279549540;-1,99472077965641;-3,90925852022691
3,41164637494883;3,52903322120755;2,94284607103131
-2,29462739979348;-2,13497705257415;-4,03393390372200
-5,50958636780498;-5,47533592266479;-4,75716901515425
-1,32460377972099;-1,33921526259973;-1,82615191091794
-2,46041779710002;-2,49080133017066;-2,1716729115185
-5,34011096840858;-5,2050213152562;-7,03708946392141
2,81093439488129;2,79041278622415;6,41964752563035
4,37577808733338;4,50845602565992;3,79808451352464
-0,754931422660673;-0,736011980321656;-0,119703981284521
2,0519197352523;1,98959991529399;2,62216780593353
1,97452962415643;1,81296230550535;2,34581751420370
-0,175799821751148;-0,334300772686589;1,05858161824442
4,55319101859584;4,72373082026735;8,79258130609866
-1,13132893328332;-1,41377271821436;-5,2322653682061
6,19415255707195;6,3957744058156;8,60999370469415
-0,586101320130758;-0,482846068424881;0,732580529602702
-0,735513651458056;-0,706643624662227;-2,01184553880787
2,85574760808625;2,85851838389043;4,7641542814446
4,68674459976624;4,83168743378472;6,7037563247039
1,49647223030988;1,21711726786204;1,19594977946776
-2,04638725887367;-2,07103374637321;-0,477210690230345
0,852891219173149;0,990524604786216;1,55523241295124
-1,74871727766506;-1,71942141176105;-2,76762100701115
-2,83560500395908;-2,74650978037678;-4,00410755401346
-4,05955455420911;-4,1989323110042;-5,90892582482661
2,01059941829456;1,82029332106174;1,90543719475934
-0,760875699475178;-0,856779444365845;0,149577217789650
-2,03508470174013;-2,11560878931679;-2,50271402110065
5,92606355756979;6,01506707548564;8,62366482655238
1,55955557184962;1,78807797021432;2,79730275376967
0,505118910704322;0,408411015959774;-2,97943458003085
-0,042815160896479;0,0573398438779513;0,128957336521996
-2,74076994565442;-2,79162623730374;-2,96431479945303
1,12337737792313;1,26298796108167;1,34830051168097
-1,92168910658563;-1,86538393712758;-1,03977554264221
1,67990775077068;1,50646679799091;4,32021096963696
3,36056483637344;3,35869565015452;3,76337353339696
5,67356107667201;5,42056553766114;7,74101838545783
1,30854233087610;1,07916841387546;3,0470230781095
-1,93381043965072;-1,76316821605861;-3,71370752431241
4,60511142062083;4,53121417555714;2,67211687824062
-1,50351407845077;-1,4364701812185;-2,8175268052851
5,72210469801169;5,59282543929169;8,83229690074162
0,228592452341031;0,349534394675357;-2,38435133673183
1,68361404646295;1,69286780045630;2,68652866072746
0,101321247288922;0,0150551541933065;1,73312646730998
2,58986201873564;2,52940373516053;2,15952517243935
2,81769714663028;3,04723801016884;6,51690375945248
-1,19290382332147;-1,33517980618501;-1,37749370189628
1,78329272746966;1,68042920078008;1,33226375461497
1,70696856959972;1,52927287085199;2,50812937904023
0,0399017756331498;-0,0545940125035479;-0,993100307824678
2,38068094164708;2,32370232544441;3,56925637989912
-0,86339679733796;-0,669711012812526;-2,23027244205284
1,18468963415191;1,12000010269204;1,47491671530793
-1,83894665366523;-2,09090304976338;0,211311290801778
3,12680359472118;3,19976273767262;5,85272513131577
4,9324878733775;5,17764438444425;7,74072115006353
-0,890337938818721;-0,630293920553801;-1,48168325756126
-2,97023589288443;-2,77868613002404;-4,26003541270861
-0,310303074951007;-0,0279301727974995;0,359436510703982
5,56134961772631;5,32334061009804;6,8544452321428
-5,21448295857139;-4,92441228233928;-6,56848877579395
3,67743844012841;3,61144508414954;3,7326637807853
-1,32789161022212;-1,23417992349731;-1,41800273562303
0,0109238132204952;-0,039022755094777;-1,68774891549769
0,374911250794269;0,284864532354129;0,781209923859408
2,64895840522711;2,52869429091322;2,71341958570852
-4,04967989390979;-3,9055941776934;-3,86032687866364
1,08562733494674;1,17869195202612;2,00869929017389
-1,50519516638559;-1,11036638240248;-1,53478291455205
0,633293923678741;0,820426987134435;-0,477842002299302
1,29674160719184;1,37272384495479;1,93499451243317
-2,04284646290606;-1,96684706780707;-2,6142989199796
2,20132043367819;2,11143548475865;0,0468308115397126
-0,316696796076185;-0,19418574757219;-0,0397330474368516
-4,94277794631883;-4,8222422209899;-7,24138019392055
2,02823784816549;1,99501648851948;2,87276775271499
0,0627156647470972;-0,147665209124755;0,419964374001251
3,95442304830764;3,86579157900134;4,42760808646194
-2,17861417438978;-2,08703481435064;-0,947340092338848
0,509668061940147;0,550166558362479;0,637849278772869
1,96439371572326;2,11560459147892;3,33880088514938
1,96778447007689;2,04559361239448;0,251268875403401
-1,8168581427841;-1,75375404252765;-1,97678481919132
-0,665443580605429;-0,298751671638504;-0,443958533342608
-2,55719151435851;-2,65210657265532;-2,99296347697582
-2,49622862959833;-2,40118383348246;-0,850752399297419
8,38288813023063;8,48151431542994;10,5523739705938
3,51652136493214;3,61931232774663;5,00011518792723
-4,57185466932504;-4,56811572886414;-6,24200593952797
1,19807650656192;1,17533550584863;1,41123194093840
2,00335779787701;1,94654177644178;0,298998477434596
-0,540085301618071;-0,457612082973825;-1,43045352012194
-1,27498568916373;-1,01405876992185;-1,02598535833885
-0,280045359668513;-0,336114922392899;-0,0240890664937347
0,99408371120498;0,774889355130798;1,62945081051082
-0,686655098826394;-0,7267495656825;-2,28084905305091
-5,27144159602037;-5,14970104107482;-9,75377789473256
-0,764341790815771;-0,415584653770598;-2,66142973209684
0,0140338056475036;0,0562696723639665;-1,26576856553823
0,152395459840798;0,234182314368117;-0,151187380128896
-5,9534807316839;-5,86186171480502;-8,30730043835914
1,80326624962919;1,55849859703140;4,81939758810181
1,87385210121153;1,75026565077059;0,919742152354876
1,23131211028568;1,15049009425439;1,35494199647758
-4,58278530982941;-4,72639111445546;-5,38892726390035
-1,91733570877484;-2,01795229360766;-1,67792544180027
2,69164525370041;2,44992043253756;5,16568919873638
-3,63532994345819;-3,38160895124563;-4,96137616824289
-0,540557403805325;-0,584436109267141;0,0161609062968856
1,08485101522415;1,20919274164739;2,19550728698542
2,93735760249005;2,96912688802309;3,63611735811628
1,32897706387949;1,17188283304216;1,81638061594999
2,56131932861013;2,61001481787842;5,61155587539149
0,711983504255162;0,50467325421393;0,916230357784064
4,10406086980784;4,01341162682254;4,20610352327909
-1,43966710699967;-1,73056679639061;-2,95340151099075
-4,56120364367624;-4,81007091474172;-6,31042633289183
-5,02851371208427;-5,08870491271881;-4,01983442454818
-0,740191328710851;-0,56621956780087;0,757686575443314
-0,849995030126741;-0,689579018381665;-1,06751765457407
1,20849859125585;1,19854371770321;0,760476208689043
1,65518268492592;1,85289358970742;3,98891386118391
-1,66028652633401;-1,67536068998024;1,09356871401588
1,48543446530711;1,25437017626711;3,83110762946172
1,83208260252908;1,98503520439042;3,43048631731764
-1,78917820131732;-1,67399530167280;-3,35565442531049
-0,793708812692237;-0,816038023710304;0,220815836438303
0,968799612082262;0,828418315019277;2,50323265706104
-2,7348255321269;-2,71144330926897;-4,10214795534277
2,99289081837716;3,02341716103703;2,63859967625142
1,16980385441662;1,19232278494655;2,35451956536511
-3,74315747841844;-3,47312410685751;-6,97525939687452
2,24786230630177;2,04541150161421;4,90939359023759
-0,618141957558308;-0,48293051760737;-3,20439622391964
2,07664325524995;1,90810076240612;4,15416785245587
1,53807617005743;1,80072326355151;3,77363932101345
-2,71471095894464;-2,76599817305221;-5,11862057011739
2,57609727817473;2,55645451409960;1,79650242649792
-2,51402478896152;-2,31096183963813;-3,53777133127169
-1,68944491599169;-1,88331603934124;-2,29714022004883
-1,66046469293474;-1,64268280795763;-2,19054898832164
0,854547845125214;0,962711720774567;0,968566020925774
-2,13923578682341;-2,2750885825272;-4,41508658398258
3,25691371525358;2,98028221853902;4,31506125684641
-0,962455937154366;-0,646511217140888;-0,452543304347476
1,23324177434841;1,05802199171403;2,85484978328676
4,1033699388193;4,02845034858041;4,9208922273911
1,85976911125224;1,76830028074519;3,16969985200332
-2,39567727113084;-2,50748243252548;-4,87953004822787
-1,89477312961145;-2,18792150573041;-1,71721939904089
1,00250364467941;0,725044466467185;1,19165540207639
-3,84558748226784;-3,73919525975078;-4,44198994901996
1,66724227247831;1,61952907730245;2,76397779874044
4,17263926751281;4,27164698270494;5,20122857202532
-5,98306703066032;-5,82736508960877;-9,05946965046599
-0,296822082221391;-0,00494199160876422;-0,787243473637891
1,23803112285255;1,37747536637313;1,08288270090907
4,63754783282288;4,77568166717904;7,26435515261105
-0,927074147686884;-0,771416306126929;-0,151797951749067
1,92092467006141;2,0109512883049;0,852760419172335
4,10462851644637;4,0851342063386;2,86523693749272
-2,02547145654918;-2,00513255216929;-2,75199395630768
0,205071717438331;0,3459052780348;-2,17377054588823
4,9618451711034;4,80761333653763;4,88495877129307
-0,232105280678897;-0,230433483822041;-2,96863779322975
-3,00291102658658;-2,98023147974454;-4,41632132637071
2,78112839061077;2,71167155064248;1,90968344058387
1,29283598179741;1,46538098394472;1,15519989371106
0,375263784722990;0,417033817157535;-0,127944155662971
-2,11261888640107;-2,21922966387602;-1,69128244797919
0,119687993671835;0,115701800051221;-3,61364310735558
1,50543737119856;1,49136085330818;4,16647695984518
-2,73742173326409;-2,68098926683856;-2,92229194551664
4,36065488134711;4,28145696204557;6,70127342537493
-1,54670042911368;-1,69159285118397;-2,08092895956411
-1,43200293444267;-1,30743128062090;-2,34344681968906
-2,81151707389838;-2,64017599095487;-2,91322571588925
3,16232771832814;3,32593580466201;4,67450826691853
-1,35489470578867;-1,45701096635964;-1,54554363217123
1,48852347631630;1,40772499497602;1,78497840133097
1,28739742215700;1,26578670745616;2,33869801450995
-0,481838471080419;-0,353324044582932;-0,427276393196425
-0,983496269303373;-0,942403540160139;0,90652611004831
-0,242926791283249;-0,408620847112862;-0,141582714398073
3,88934112352295;3,71284694444977;4,67211188809379
2,66986544176197;2,61841408464139;1,83512357435898
1,29540150406409;1,01723240528161;1,55511338827869
-2,21059970457726;-2,2373666707348;-2,44627415054095
2,23581826152255;2,22599954203192;3,88840083977198
0,96281559587893;1,02165842142363;-0,688713359577652
0,517789252077431;0,522432772929631;4,35390705424908
3,46969630247162;3,48814913198138;3,9305658524812
3,68577843249471;3,78509934035441;5,65854534714997
2,60239087744412;2,51214295218976;2,42562192206015
-1,71101165673187;-1,81975074675620;-1,88344467811067
-3,2078974528802;-3,36390533426325;-1,70135406869281
0,229730745346892;0,316044561338485;0,318998643681911
-4,41573947151239;-4,18831053625996;-6,13628733826225
0,736111544152431;0,626561910530891;-0,693419376507273
0,967062128729426;0,957409979462144;2,12601161726064
-2,56526292230853;-2,64146765241202;-3,57429219896612
-2,48803082279381;-2,59396482399882;-3,10837649419088
0,172518350526826;0,271281654873858;-0,640382217373648
2,14475637247006;2,27915256389583;2,60794509559470
-0,513884109098904;-0,38027853276699;0,139419164784949
3,06882500683293;2,97846086996075;2,11221395464409
-3,64423717795919;-3,62355683244649;-4,18842038226932
1,96583543881241;2,03104740280382;2,79820885038360
1,41821725918563;1,37944252907989;3,11560137222223
0,502005891039072;0,230273494033536;-0,310334085281713
-0,871089438854932;-0,69043194350733;-4,58292258787449
0,237914791839935;0,130634551697609;0,677220841352115
-1,81628928597705;-1,73647733481223;-3,87538193379116
-2,66227479093258;-2,89634008220986;-2,66276755114641
0,935389311444622;1,14237195611578;0,280829232264188
2,92092960370302;2,97417860119088;5,82358733849082
2,52181382119046;2,51757757643903;4,52743251814669
-3,22908760585034;-3,16420662462805;-5,04627120662094
-1,68456929066241;-1,60307176306285;-2,26559312819363
2,72663016759377;2,76594750170073;5,20184623876667
-0,779720683705239;-0,661708822666693;-1,16481593374086
2,08088561742389;2,20317787810859;1,20344889263377
0,666614535505896;0,633157911176146;2,89258832908206
3,43033127573848;3,21128336419199;4,28336802977545
5,20891027652186;5,03940783656343;7,84412824050576
0,0054635350310613;-0,0555925490209426;1,39905132283532
4,47690976355279;4,47184787331336;3,40803874115758
-4,82780886181001;-4,91254213007465;-4,49811275921967
0,145247242615770;0,280980315756711;2,83509308565988
-5,1580390648081;-5,36579832481673;-6,53034042322412
3,73394982072516;3,66007946874960;3,81359862336076
-1,87342716273182;-2,00573846505032;-2,14797455167618
0,00272247723055366;-0,179164048860419;2,02201307694320
-0,3625643200084;-0,556413027448479;1,16472908744538
3,87775478823704;3,80023002781888;3,38937577361701
4,79009676613528;4,78457764940581;7,20888044949008
2,6869200935433;2,55803069816667;4,27481974289987
-1,7786839586574;-1,90398321879564;-2,11258435240253
1,68763411901321;1,67408327152012;1,60479202069129
-2,65402841414088;-2,44605754986291;-2,21826696640502
-0,592452145305854;-0,531289404564237;-3,16465767920377
0,591757335656717;0,469526033463335;2,98102578170883
2,88513465108301;2,66184930017180;3,64621033121859
-2,04277355099304;-2,23713345570256;-2,77491384515917
0,488964317795037;0,39482987158958;1,98448329531861
-2,33137335720424;-2,09143833514329;-3,88635261357838
-0,286217674646626;-0,185242859919391;-0,273274961397553
-0,587356781711399;-0,490897141107355;-2,24716931339796
2,27449323047785;2,27806273319724;3,18625758197614
-1,00437569495955;-0,9622879915483;-1,43088333594901
0,427280784926232;0,32720534506836;-1,4286428479628
