"Tmp"
10.3
10.8
15.8
15.5
18
21.8
22.6
23.6
22.5
19.3
16
14.1
12.3
12.5
13.5
14.8
17.5
23.1
25
24.6
22.6
18.6
14.6
11.3
10.5
9.3
13.6
15.3
17.6
21.3
24.5
24.6
24.3
20.3
16.8
12
11.1
11.5
12.1
16.5
16.8
20.3
24
24
22.8
17.6
15.8
12.1
8.8
12.6
12.1
15.8
17.1
22.1
24.3
24.6
23.6
20.3
14.6
11
11.1
11.1
12.6
13.5
18.3
21
24.1
25.8
23.1
20.8
14.6
11.6
10.6
11.8
14.5
15.5
17.1
21.5
24.6
25.1
24
19.3
14.8
12.8
12
11.6
14.1
15.6
19.1
21.6
24.1
26
22.6
20.1
16
10.8
11.1
12.5
13.3
14.6
18
21.6
25.3
27.6
22.8
19.8
16.1
14.8
10.8
14
13.8
14.5
18.1
22.3
24.3
25.6
25.6
19.6
